-1,-4601
-100,-917
-10014,-1404
-10014,3727
-10016,-5854
-10016,-9454
-10017,7216
-10018,4300
-1013,9551
-1015,9630
-1018,-637
-1018,1596
-1018,8770
-103,-5663
-1048,8379
-1050,-1314
-1051,-6926
-1051,4413
-1052,-1206
-1082,-5381
-1083,2081
-1083,9246
-1085,9070
-1115,-431
-1115,-8845
-1116,-1987
-1117,8474
-1119,2848
-1146,-9048
-1147,431
-1147,7313
-1178,1498
-1178,3148
-1180,-4887
-1181,3050
-1182,-146
-1182,-7122
-1214,-252
-1214,3527
-1244,-8191
-1247,-727
-1248,-1405
-1248,-9828
-1248,2173
-1279,-1595
-1279,-3346
-1279,9443
-1281,1994
-1282,-4315
-129,9473
-13,9088
-1301,-3346
-1314,3828
-1315,-8668
-132,3729
-1323,7128
-133,7895
-1335,-5751
-1341,3631
-1341,4701
-1345,7107
-1348,-9551
-1354,5724
-136,-7510
-1367,4114
-1375,-7310
-1378,-439
-1379,3049
-1380,5477
-1380,6352
-1409,-7120
-1409,1300
-1411,-3156
-1416,-3731
-1439,-6157
-1442,-3630
-1473,2375
-1473,6924
-1475,-8471
-1475,-9923
-1479,8179
-1504,7713
-1507,-1312
-1507,-3234
-1508,-1605
-1508,-4123
-1509,-3247
-1509,-4991
-1509,-9640
-1509,2377
-1509,6721
-1512,6642
-1539,-1218
-1558,6863
-1573,-7031
-1574,9349
-1575,3631
-1588,4499
-1602,7977
-1604,-6255
-1607,5569
-163,-9733
-1636,-6148
-1637,-9534
-1639,-3347
-1642,1980
-1642,3631
-1642,637
-165,-2277
-166,-4318
-1666,-5883
-1669,2373
-1670,-2658
-1670,-6340
-1670,-7895
-1670,8562
-1671,-3933
-1671,-7126
-1671,-7798
-1671,-9837
-1671,4018
-1671,6058
-1671,8770
-1671,9935
-1672,6438
-1677,-6643
-168,913
-169,7887
-1702,433
-1708,-1407
-1713,-353
-1735,1506
-1739,-537
-1755,-1871
-1802,2175
-1804,-5085
-1804,1000
-1804,6153
-1805,335
-1832,2074
-1832,4113
-1833,6637
-1834,-7893
-1834,1695
-1835,6636
-1836,-1123
-1837,-9931
-1862,6146
-1865,-9733
-1866,-3253
-1868,4597
-1869,-4119
-1869,8377
-1881,2314
-1901,-5478
-1903,6742
-1903,9926
-1904,10018
-1930,8761
-1934,-5288
-1935,7888
-1936,-52
-1963,-8059
-1963,-8183
-1963,8562
-1965,1406
-1965,3729
-1968,-4318
-1969,-1405
-1997,920
-1999,-6543
-2,-1790
-2,-9147
-2,8378
-200,-3791
-200,5374
-200,917
-2000,-5659
-2000,-5767
-2000,-9544
-2000,-9594
-2001,5087
-2003,8561
-201,4120
-2012,-1101
-202,-49
-2031,-253
-2031,534
-2032,6156
-2035,50
-2062,-8376
-2062,6721
-2064,4209
-2066,-6443
-2096,-5087
-2096,-6924
-2097,5364
-2098,-3246
-2098,-6827
-2098,-8098
-2098,435
-2099,-3246
-2099,-3448
-2100,-917
-2124,636
-2127,-6833
-2129,-9640
-2129,924
-2131,1016
-2133,7307
-2133,915
-2146,-6966
-2159,2274
-2159,2759
-2160,6877
-2161,-4021
-2162,-5088
-2192,-52
-2193,-1989
-2193,9545
-2194,-2277
-2195,-10018
-2195,-5086
-2195,2476
-2195,3345
-2199,-7511
-2199,-9636
-2227,-2759
-2230,6340
-2231,-9735
-2259,2755
-2259,7510
-226,-9411
-2262,5954
-2264,-1103
-2264,-6640
-2264,-7995
-2264,926
-2292,-8773
-2293,4595
-2296,2371
-2310,-1063
-232,-3539
-2328,-2181
-2328,-5282
-233,3728
-233,5382
-234,-623
-235,-2475
-2351,-7433
-2359,-3345
-2359,-4119
-2359,-5670
-2361,-2957
-2362,-4712
-2363,2961
-2388,-1020
-2388,-354
-2391,-5872
-2393,-53
-2394,-7121
-2421,6638
-2422,-5670
-2422,-8970
-2425,5373
-2426,-820
-2426,-8663
-2441,-3933
-2456,-7410
-2458,-147
-2459,818
-2460,7307
-247,2866
-2488,-51
-2491,-7027
-2491,-7217
-2491,-9353
-2492,5375
-2519,3349
-2520,-9062
-2521,2473
-2522,-8565
-2522,1300
-2523,-5672
-2523,-8965
-2523,1210
-2540,-3083
-2540,2497
-2541,1162
-2552,-2862
-2555,8091
-2556,-4224
-2556,8379
-2557,-3630
-2557,2843
-2557,47
-2576,5204
-2585,-4115
-2588,-4796
-2588,-8086
-2588,-9924
-2588,1204
-2588,1305
-2588,2663
-2588,7105
-2588,9446
-2589,-3529
-2590,-1496
-2590,8481
-2591,-2183
-2593,5569
-260,-8279
-2619,9533
-2620,-5472
-2620,918
-2623,9349
-2636,5266
-2637,-3207
-265,-3630
-265,3730
-2650,8701
-2652,-5770
-2652,6639
-2653,-3830
-2653,3833
-2656,-2483
-2656,7996
-2659,6339
-266,-6937
-2662,7653
-2681,-3635
-2685,-1507
-2686,-9734
-2686,8759
-2687,6338
-2689,-2211
-2693,1201
-2695,-6358
-2717,-8663
-2717,1587
-2717,2174
-2717,3150
-2717,3628
-2717,4693
-2717,7018
-2717,7512
-2717,8379
-2718,-2759
-2718,-4111
-2718,1202
-2718,4802
-2718,6538
-2718,823
-2720,-52
-2721,-9640
-2721,3242
-2721,8377
-2752,-819
-2756,4214
-2782,-8762
-2786,-9149
-2787,-4602
-2787,435
-2800,-2093
-2801,-9047
-2817,-6259
-2847,-7421
-2849,-3533
-2849,-4015
-2849,-5377
-2850,-3821
-2850,4019
-2853,-4990
-2870,-8685
-2880,-1021
-2880,-9541
-2880,1022
-2881,-2093
-2881,-3063
-2881,-4128
-2881,-5086
-2881,-5570
-2881,-6925
-2881,-9271
-2881,3243
-2881,4498
-2881,5180
-2881,9349
-2882,-7694
-2882,2764
-2882,4115
-2915,-4599
-295,434
-2950,-132
-2950,-7706
-297,817
-2978,-1890
-2980,2468
-2982,-1971
-2982,-5568
-2982,-6844
-2982,-8580
-2982,4399
-2982,821
-299,-7893
-300,2082
-300,4600
-301,5955
-301,7309
-3012,-1404
-3013,-3432
-3013,10018
-3013,1390
-3015,-3831
-3015,5181
-3043,-7126
-3043,-7693
-3043,141
-3043,4316
-3044,-2467
-3044,-434
-3044,-7510
-3044,-8376
-3045,-629
-3045,5470
-3048,1954
-3076,1794
-3077,-2280
-3077,-4315
-3077,2759
-3079,8775
-3080,-5854
-3080,7511
-3081,8379
-3093,9370
-3095,2751
-3106,8562
-3109,-4789
-3111,-1786
-3111,-2664
-3113,-538
-3113,2377
-3113,8861
-3114,1504
-3116,-822
-3117,-6722
-3141,-9442
-3144,1600
-3145,-5864
-3175,-5185
-3176,-3048
-3177,-1114
-3177,-1790
-3177,-6925
-3177,-7694
-3177,-9733
-3177,4895
-3177,6827
-3177,737
-3177,8577
-3177,8966
-3178,-437
-3178,-6937
-3178,737
-3181,-8867
-3206,-1017
-3208,4701
-3231,899
-3241,4305
-3242,-5675
-3242,332
-3242,9154
-3244,-8387
-3246,-5470
-3271,-5570
-3273,-8867
-3274,-4804
-3274,-6941
-3274,6984
-3275,-925
-3275,9348
-3276,-4319
-3278,-1892
-3283,6560
-3309,3723
-3309,8660
-3311,-8199
-332,-6439
-332,6343
-332,6930
-333,-4791
-3339,2469
-3340,8374
-3345,-6925
-3345,-6926
-3370,-5672
-3371,-7510
-3372,2561
-3373,4307
-3374,2076
-3375,-8576
-3407,819
-3426,-4676
-3437,-3054
-3437,7998
-3438,8087
-3472,4701
-3473,-6057
-3473,-9733
-3476,6924
-3503,-3156
-3503,-6251
-3503,434
-3507,-3629
-3507,-9640
-3507,1405
-3508,-821
-3508,-8277
-3508,4032
-3508,6339
-3509,-1103
-3509,-3751
-3509,5467
-3536,7214
-3536,7895
-3537,3050
-3538,-1405
-3538,4693
-3538,6150
-3539,-8484
-3544,-7592
-3550,-437
-3566,-3629
-3566,7124
-3566,8664
-3569,-8480
-36,-4130
-3601,-2380
-3603,-5774
-3603,-7887
-3604,636
-3605,-7693
-361,-7997
-363,4888
-3631,-5469
-3635,6734
-3637,1054
-364,-3923
-3664,-7120
-3668,9638
-3672,-2276
-3701,6633
-3702,-3533
-3703,-5576
-372,-3346
-3732,-1506
-3732,1211
-3733,-2564
-3733,-6442
-3733,4215
-3734,-2093
-3744,-9815
-3761,-3670
-3761,-6339
-3761,4397
-3761,515
-3762,6643
-3763,526
-3765,1405
-3765,2560
-3765,8562
-3768,-3447
-3787,-1991
-3796,6156
-3799,8379
-3800,-7510
-3800,913
-3828,9535
-3829,-149
-3830,-2960
-3830,-4701
-3831,-9531
-3831,-9634
-3834,-151
-3862,-3064
-3862,-7028
-3862,-718
-3862,1793
-3866,5089
-3884,3528
-3897,-4600
-3926,-1587
-3928,-1593
-3930,-1123
-3938,2679
-394,-3817
-395,-5083
-396,-1498
-3960,-3629
-3960,-7795
-3960,2555
-3961,-6637
-3961,-9936
-3961,8864
-3964,-7612
-397,9828
-3988,433
-399,-9353
-3991,2376
-3991,536
-3993,-3246
-3995,-5267
-3995,6156
-3995,9349
-4,-2379
-4,-4602
-4004,8643
-4025,8564
-4027,-4035
-4032,-1690
-4032,1690
-4062,-3246
-4069,-5005
-4088,8763
-4090,-5801
-4090,-9641
-4091,-5472
-4091,2373
-4092,6058
-4124,149
-4125,-9640
-4127,1210
-4154,-3727
-4154,-7023
-4159,7310
-4189,-3845
-4190,4983
-4193,3540
-4194,-6824
-421,7583
-4224,-7125
-424,7653
-4256,-9453
-4256,-9635
-4268,4600
-427,-3150
-427,-4120
-4288,5180
-4288,6442
-4288,7306
-4289,9440
-4290,-4218
-4290,-9349
-4300,-1525
-4321,6534
-4325,-5856
-434,4215
-4351,7412
-4353,6642
-4355,-3635
-4356,-149
-4356,-8480
-4384,-346
-4386,-8579
-4387,-3630
-4387,-9932
-4389,-254
-4389,-6160
-4389,-7693
-4389,2075
-4389,2314
-4389,4702
-4417,-6542
-4420,6925
-4421,2863
-4421,721
-4422,3545
-4424,-9774
-4424,9342
-4433,-7148
-4454,-9348
-4464,-8747
-4482,-5975
-4482,1406
-4483,4793
-4485,8659
-4486,-2958
-4486,-4213
-4486,7599
-4486,8664
-4487,-8483
-4487,3146
-4515,-3823
-4519,3727
-4547,1606
-4552,-3246
-4552,341
-4553,-9998
-4583,-341
-459,-7889
-460,-8485
-461,-5570
-4619,-6738
-462,8377
-4620,-6737
-4646,-49
-4648,-537
-4668,2496
-4676,9265
-4681,-3449
-4681,5569
-4682,-4115
-4713,-1694
-4714,-1207
-4716,4497
-4747,4890
-4748,-5271
-4748,8577
-4750,4120
-4777,5674
-4778,-7120
-4778,-9654
-4779,-4502
-4779,-6247
-4782,-3346
-48,-1349
-4801,-6990
-4810,9242
-4811,-2957
-4811,-9732
-4813,-9542
-4814,-7715
-4840,818
-4842,7996
-4844,8377
-4844,9158
-4845,-5377
-4846,-7412
-4846,-7510
-4849,5975
-4878,-9155
-4878,-9733
-4880,-729
-489,2475
-4911,-8481
-4911,1505
-4911,3340
-4911,4115
-4911,4785
-4911,8561
-4914,6257
-4914,7307
-4915,5286
-4929,818
-493,-1501
-493,-438
-4933,8926
-494,-249
-4943,-1793
-4943,5555
-4943,8283
-4945,-3535
-4945,-536
-4945,-9446
-4945,5468
-4946,-3448
-4946,-4114
-4946,2862
-495,8960
-4976,-7029
-4976,-9733
-4977,-1598
-4979,-5876
-5010,6348
-5011,-148
-5017,1349
-5038,436
-5040,-4222
-5041,9630
-5042,6157
-5044,6920
-5057,-5723
-5069,-8182
-5073,-3150
-5073,-917
-5074,-1029
-5098,-4346
-5104,6339
-5106,-5665
-5107,7511
-5108,-6442
-5108,148
-5119,8863
-512,5086
-5138,-5470
-5138,6246
-5140,-4593
-5141,-5658
-5141,-6439
-5141,-8184
-5141,8171
-5141,8852
-5142,3819
-5142,7402
-5145,4420
-5163,6822
-5172,-9454
-5175,-9833
-5176,-6641
-5176,1890
-5176,434
-5204,7215
-5205,-1117
-5206,-7999
-5206,-8187
-5206,8277
-5207,5082
-5235,-7410
-5235,4118
-5238,10016
-5239,-5955
-526,-7028
-526,5865
-527,-153
-527,8474
-5271,-443
-528,-827
-5291,8462
-5302,-5574
-5302,5275
-5304,-536
-5304,-635
-5304,5077
-5305,7989
-5336,4397
-5337,-1406
-5337,4699
-5338,820
-5339,-7219
-5339,-9341
-536,-9411
-5367,-535
-5368,3725
-5369,-9733
-5369,8374
-5390,-1895
-5399,-6056
-5401,819
-5402,3918
-5403,-7512
-5403,1689
-5418,232
-5429,6339
-5433,-1792
-5433,-2850
-5433,-8285
-5433,6624
-5434,6536
-5436,-2095
-5436,-3447
-5436,-4109
-5436,-7512
-5436,5568
-5436,8379
-5437,1019
-5471,-51
-5498,51
-5499,-8462
-5501,9147
-5502,-3528
-5502,4410
-5514,-1264
-5516,2074
-5530,8180
-5555,-7410
-5561,8377
-5564,5568
-5566,-4512
-5567,2476
-5568,-9540
-557,-7128
-5570,6278
-558,-7691
-558,5182
-5584,2681
-559,-7028
-5596,-5855
-5596,9532
-5597,-3631
-5598,-50
-5598,-6159
-5598,-6737
-5598,2473
-5598,5083
-5598,5472
-5598,8967
-5600,-1115
-5600,-2658
-5600,-438
-5600,8379
-5604,-4397
-5610,4822
-5628,-2375
-5628,7794
-5629,-3149
-5630,533
-5631,-2090
-564,-6821
-5658,-6058
-5665,7318
-5666,8660
-5667,-7028
-5680,9046
-5697,2435
-5697,2857
-5698,2862
-5700,5757
-5725,2579
-5728,-3440
-5738,2173
-5759,-7995
-5759,633
-5760,-6057
-5760,7209
-5761,-9352
-5761,2555
-5761,3729
-5761,6441
-5761,6925
-5761,8280
-5761,8377
-5761,8480
-5762,-1298
-5762,-2862
-5762,-3933
-5762,-5485
-5762,-5671
-5762,-5856
-5762,-7510
-5762,-7696
-5762,2658
-5762,3729
-5762,3730
-5762,49
-5762,6642
-5762,6742
-5762,8179
-5763,-3437
-5764,-7693
-5764,4215
-5764,818
-5764,8562
-5765,-7487
-5791,1303
-5793,6157
-5797,9734
-5818,4964
-5827,7024
-5827,8872
-5856,-5669
-5858,-3246
-5858,-7998
-5858,5767
-5859,4984
-5860,-7797
-5862,4600
-5864,-4509
-5889,8378
-5890,-1897
-5892,7511
-5893,-3347
-5893,-4905
-5893,-6723
-5893,819
-5893,8562
-5897,633
-590,-9945
-5923,3827
-5924,-9640
-5925,-333
-5926,1600
-5927,-7511
-5933,-5206
-594,5952
-5955,6256
-5990,-5466
-5991,5760
-5992,-3249
-5993,-437
-5993,1890
-6017,-8501
-6018,3146
-6021,6057
-6022,-5085
-6023,-4218
-6023,-4791
-6024,-1404
-6024,7892
-6026,8926
-6043,-7694
-6044,-848
-6049,-9426
-6055,8181
-6056,-4115
-6088,-2383
-6088,7017
-6089,-2662
-6089,-8461
-6089,2372
-6089,4118
-6100,-6925
-6120,-9734
-6123,-450
-6123,5670
-6123,6724
-6123,8377
-6149,-4701
-6151,-2183
-6152,-439
-6155,-1792
-6155,-5181
-6157,-9454
-6187,-4023
-6187,2765
-6188,-3544
-6188,8185
-6188,9066
-6189,-1791
-6189,-5570
-6189,-7893
-6189,434
-6189,7308
-6189,8462
-6217,-7511
-6219,-1402
-6220,-3048
-6221,-2375
-6221,-7696
-6221,6945
-6249,-4891
-625,233
-625,8289
-6250,-4891
-6250,-6057
-6251,3040
-6252,6826
-6253,-630
-6253,-6926
-6253,820
-626,4696
-6285,2558
-6286,-1306
-6286,-437
-6286,-6924
-6286,6827
-6312,4215
-6315,3729
-6316,-4600
-6316,1695
-6317,-4598
-6317,-8866
-6321,7410
-6346,-8582
-6348,4314
-6349,5082
-6349,9553
-6350,8114
-6351,6153
-6352,-1983
-6352,2273
-6353,4898
-6356,5087
-6384,-1224
-6384,4609
-6385,-147
-6388,737
-6414,10020
-6414,7409
-6416,-4120
-6418,-1797
-6419,-4017
-6447,-6446
-6448,-3637
-6450,-2478
-6450,4115
-6477,-2475
-6477,1991
-6477,817
-6478,-7127
-6478,-9248
-6480,-4028
-6480,-9643
-6481,-5085
-6481,1202
-6481,4514
-6481,9815
-6482,7121
-6483,-2757
-6511,-8097
-6513,2859
-6544,-1404
-6546,2173
-6547,-2478
-6547,1304
-657,-4222
-6579,2086
-6579,8365
-658,10017
-658,5670
-6580,-917
-6580,239
-659,-3834
-6600,3627
-661,-1696
-6610,-9734
-6611,-1207
-6611,-4995
-6611,-6924
-6611,-8478
-6611,-9255
-6611,1310
-6611,332
-6611,6435
-6611,737
-6611,7690
-6612,4899
-6613,520
-6614,-9548
-6614,5467
-6614,5851
-664,-7410
-6644,-3534
-6644,-7027
-6644,-9453
-6644,2272
-6644,2474
-6645,-7123
-6645,-8664
-6645,3055
-6645,3243
-6646,-344
-6646,-4702
-6646,-6823
-6646,-8642
-6646,6524
-6658,-7510
-6672,8095
-6676,-6358
-6676,8866
-6677,4700
-6689,8701
-6708,-7511
-6709,-8963
-6711,-6056
-6712,-8289
-6729,5226
-6738,-5105
-6741,719
-6741,7994
-6741,8379
-6741,8967
-6743,-6348
-6776,4114
-6779,4022
-6795,-1406
-68,-1207
-68,-3047
-6806,-4703
-6806,-6924
-6808,-255
-6810,9637
-6811,-7991
-6835,1000
-6838,-9536
-6839,-4997
-6840,3732
-6840,6822
-6844,4498
-6845,-5287
-686,-1405
-687,-4798
-6872,-1693
-6873,-6163
-688,-2759
-6890,1487
-69,8570
-6903,-7899
-6903,5663
-6907,8566
-6908,-7419
-6909,-618
-691,4887
-693,-3047
-6934,-5671
-6937,-3529
-6937,-4702
-6937,-8684
-6938,-4994
-6938,1784
-6938,8284
-6969,1021
-6972,-255
-6972,-3246
-6972,-7126
-6972,1202
-6972,1991
-6972,3140
-6972,3629
-6972,737
-6973,2376
-6973,3334
-6973,5670
-6973,6643
-70,-7411
-70,8663
-7003,-3253
-7004,439
-7005,-1118
-7006,-7996
-7007,3050
-7033,-3833
-7035,4397
-7037,-9543
-7038,-8283
-7038,-8284
-7039,-9733
-7068,-9634
-7068,920
-7071,-7229
-7071,3633
-7072,9056
-7101,-9452
-7103,-6927
-7103,342
-7121,8379
-7135,-1412
-7135,7891
-7136,820
-7137,7987
-7140,-6156
-7154,-4298
-7164,1304
-7165,4317
-7167,2819
-7181,3228
-7198,-2658
-7199,-3338
-7200,-5381
-7200,-7120
-7202,-3537
-7202,-4316
-7202,3531
-7204,8282
-721,-4170
-721,-9640
-721,3532
-722,2679
-722,335
-7228,-5711
-7229,-9551
-7229,5268
-723,-3536
-7232,-4992
-7232,4699
-7233,-3636
-7233,4499
-7233,6338
-7233,8947
-7234,-1897
-7234,-5381
-7234,9164
-7237,-4319
-7242,7347
-725,-8684
-726,2818
-726,4314
-7269,-9932
-727,529
-7273,-6076
-7277,-8764
-7294,3729
-7295,-9147
-7298,-2759
-7298,4499
-7298,7024
-7299,-7028
-7299,-9454
-7299,9250
-7300,-4703
-7331,-8871
-7332,1598
-7334,-1123
-7334,-7895
-7334,1394
-7362,-5185
-7363,-2277
-7363,-7027
-7363,6539
-7363,6925
-7364,-733
-7365,-2092
-7366,-5566
-7366,3426
-7369,-5955
-7394,2460
-7396,-5571
-7396,9926
-7397,-8683
-7397,7017
-7398,2752
-7398,7024
-7427,-2576
-7428,-7510
-7431,-3450
-7432,-5471
-7434,-4025
-7435,4985
-7436,-333
-7460,-6056
-7461,-9837
-7462,833
-7463,-9639
-7464,6532
-7494,-9353
-7494,7700
-7499,-1992
-7516,6459
-7525,-739
-753,3236
-753,7694
-7530,-4891
-7530,-8965
-754,6244
-7556,2074
-7557,-3246
-7560,821
-7561,-7324
-7561,8379
-7564,8953
-7565,-9291
-7565,4215
-7566,-7511
-757,-2094
-757,-6924
-757,-9940
-757,6925
-757,9251
-757,9252
-759,-5967
-7594,-4888
-7594,5182
-7595,237
-7595,2659
-7595,920
-7598,-1102
-760,6641
-7626,-1505
-7626,-3542
-7627,-5201
-7627,1303
-7657,-5854
-7658,-4222
-7658,-5185
-7658,-9249
-7661,4317
-7671,435
-7689,332
-7690,-5955
-7690,4603
-7690,7216
-7691,-2198
-7692,4982
-7692,9248
-7693,427
-7697,-9633
-7711,-7309
-7726,-1989
-7728,-8190
-7728,-9739
-775,-7511
-7757,-1989
-7757,630
-7758,-146
-7759,-5574
-7759,8379
-7790,-5490
-7790,4788
-7817,7690
-7822,-5668
-7823,-9249
-7823,1309
-7825,-4887
-7826,1022
-7826,51
-7826,8562
-7853,6925
-7854,-1117
-7854,-1505
-7854,-4599
-7854,-4795
-7854,-5673
-7854,-5676
-7854,-6340
-7854,-7794
-7854,-7795
-7854,-9451
-7854,-9838
-7854,1885
-7854,1990
-7854,2074
-7854,2369
-7854,2458
-7854,367
-7854,3830
-7854,4012
-7854,5279
-7854,6822
-7854,6823
-7854,7411
-7854,7513
-7854,8584
-7854,8763
-7854,8779
-7855,-7317
-7855,-8386
-7855,1216
-7855,7411
-7856,-3629
-7857,-6054
-7857,8379
-786,-727
-7861,-1407
-787,-1406
-787,-5863
-788,-7510
-788,7024
-788,8857
-788,9060
-7882,-8582
-7889,6446
-791,427
-7919,-4903
-7919,2073
-7919,5954
-7919,6926
-7919,8377
-7920,7508
-7923,-3246
-7923,-5288
-7923,-6057
-793,4499
-7953,-6056
-7959,-1043
-797,-9574
-7981,4762
-7984,-1404
-7984,-237
-7984,-2469
-7984,-7510
-7984,4123
-7986,-3343
-7986,1700
-7988,-4601
-7988,1890
-7998,-6477
-8013,-2598
-8015,6538
-8019,10019
-8021,-9733
-8021,3926
-8051,-5190
-8052,7892
-8053,-1686
-8053,6828
-8083,3927
-8083,6638
-8085,-817
-8087,1890
-8115,1405
-8115,4700
-8118,-3246
-8118,7511
-8119,-8577
-8122,634
-8146,-4027
-8148,3257
-8148,9920
-8149,4020
-8151,-1792
-8153,-4800
-8181,-3831
-8181,8379
-8189,-6278
-8194,3020
-820,-5085
-820,4502
-821,7705
-8211,-2862
-8211,-5084
-8214,1116
-8215,-7227
-8215,-7312
-8215,2275
-8216,1629
-8217,-5955
-8218,1691
-822,-5769
-822,4600
-822,7510
-822,8377
-8223,-8197
-8230,2049
-8237,435
-8245,1120
-8247,-5381
-8276,-1890
-8276,-6441
-8278,-5286
-8278,5085
-8278,7117
-8282,49
-8311,-8780
-8312,6355
-8312,6446
-8312,8082
-8312,825
-8313,-6926
-8313,4701
-8315,8763
-8316,4600
-8346,8769
-8347,-7612
-8348,8669
-8379,-1121
-8379,-148
-8379,-7998
-8379,3831
-8379,7651
-8382,-6440
-8383,-7511
-8383,2179
-8410,578
-8412,-2466
-8415,-5186
-8443,4499
-8445,-5289
-8445,-7029
-8447,-9841
-8472,-3252
-8475,-1893
-8475,-9254
-8476,-4997
-8477,1702
-8479,-1115
-8481,7305
-8503,-1871
-8509,-9054
-851,3725
-8510,-3929
-8511,-538
-8511,6642
-8512,-3630
-853,-5773
-853,6936
-854,-4316
-854,-4510
-854,-7420
-854,2216
-8543,-3911
-8560,9587
-8577,-6830
-8577,-925
-8577,5658
-8577,8462
-8597,211
-8603,1698
-8608,-7029
-863,-3670
-8632,2259
-8649,-1143
-8649,7329
-8662,-1345
-8671,9548
-8672,8861
-8675,-7510
-8675,9065
-8703,-4315
-8703,2477
-8705,-5375
-8705,-819
-8705,7023
-8705,9051
-8706,-1598
-8706,373
-8706,7610
-8706,9148
-8707,1782
-8707,3920
-8707,5949
-8737,-1304
-8737,-918
-8738,-439
-8746,-9634
-8764,-3953
-8768,1305
-8771,-7510
-8771,2273
-8803,4214
-8807,-7512
-8838,-2955
-884,-1592
-884,6338
-885,6543
-886,-8288
-886,3332
-8867,-9640
-8867,7804
-887,-7128
-8870,2314
-8871,2560
-8873,-3246
-888,-6544
-888,1121
-889,7602
-8898,-6924
-8901,-4998
-8902,-5388
-8902,-6642
-8902,3736
-8903,-3157
-8937,-7809
-8937,-8006
-8937,5474
-8937,9331
-8963,-4602
-8967,-8684
-8968,-5189
-8981,818
-8997,-3446
-90,7107
-9000,-2574
-9001,-540
-9001,-7023
-9003,-4601
-9022,5569
-9033,1787
-9034,-1408
-9034,-9046
-9034,-9436
-9034,3050
-9065,-4404
-9065,-7899
-9066,1017
-9067,-8484
-9096,2760
-9099,9537
-9101,-1989
-9101,5370
-9103,4115
-9110,2141
-9129,-7601
-9130,-9838
-9131,4504
-9161,8377
-9162,-5589
-9162,-5775
-9162,-8869
-9162,1591
-9162,5186
-9162,5669
-9164,6741
-9165,7706
-9166,-7692
-918,-1211
-918,1301
-918,2277
-918,6541
-9196,-4112
-9196,-4597
-9197,-4506
-9197,4702
-9197,8561
-9199,7228
-920,8183
-9206,8178
-921,-5860
-921,-9734
-9228,-9929
-9229,-6146
-9232,-9738
-9261,1394
-9263,5181
-9265,3729
-9293,1892
-9297,-1404
-9297,433
-9298,8861
-9320,7510
-9323,7511
-9326,4398
-9330,-3448
-9331,-5269
-9339,-8180
-9358,-8867
-9358,4500
-9358,7497
-9359,50
-9360,-144
-9360,-1503
-9360,-7695
-9360,3141
-9362,-3446
-9362,-9931
-9362,2845
-9362,5267
-9362,6734
-9362,8469
-9363,-1792
-9363,-3342
-9390,-8376
-9392,-4803
-9392,-8085
-9392,3141
-9393,821
-9395,-2387
-9423,2376
-9423,5083
-9426,6538
-9427,-4990
-9456,-1206
-9457,-439
-9459,4108
-9460,-4413
-9463,-5085
-947,-5971
-9489,-6844
-9491,-8963
-950,-7799
-952,-1410
-952,9736
-9520,-9733
-9524,-2964
-9525,-5469
-9525,4788
-9525,818
-9525,8562
-9526,-6623
-953,8955
-9547,596
-9558,-1787
-9559,-3927
-9589,8770
-9592,6925
-9608,8878
-9621,7511
-9623,-1608
-9624,1501
-9625,5851
-9626,433
-9626,635
-9654,-9747
-9655,-2570
-9656,2377
-9666,7106
-9684,3145
-9686,6143
-9687,3628
-9688,8379
-9689,1307
-9689,3239
-9690,-7120
-9691,-3046
-97,4399
-9715,-4600
-9719,232
-9720,-3344
-9722,824
-9723,-9434
-9751,6822
-9751,7695
-9752,-5671
-9754,-9449
-9756,-4113
-9759,-618
-9777,4397
-9777,6603
-9784,6538
-9786,4304
-9817,-3150
-9817,-7510
-9817,-8097
-9818,6762
-9820,-7510
-9820,441
-9821,-3156
-9821,-7510
-9821,1011
-9822,4498
-983,9248
-9830,410
-9843,901
-9848,7509
-9850,9642
-9851,-5469
-9851,2565
-9851,7595
-9852,8804
-9852,9544
-9853,6046
-987,3143
-9883,5470
-9883,7124
-9884,-5590
-9884,-7999
-9888,2173
-9918,5572
-9918,5666
-9919,-4513
-9946,6057
-9949,-9734
-9950,3235
-9951,4306
-996,8985
-9976,-7495
-9982,-533
-9982,-7016
-9983,4023
-9986,4498
-9986,4884
10007,-48
10007,4011
10008,-1209
10008,-3147
10008,-9931
10008,55
10009,-1107
10009,-2580
10009,-4310
10009,-5186
10009,-6743
10009,3529
10010,-9454
10010,2665
10010,6828
1008,-9634
1009,1411
1010,-9734
1012,-3911
1012,2662
1014,-8569
1014,2760
1014,8378
1024,5164
1038,333
1039,8763
1041,5952
1043,-4317
1043,8562
1045,-9574
1047,-636
1052,-4480
1052,6276
1075,-6542
1075,2949
1078,3828
1106,-6825
1107,-9069
1108,1489
1110,5953
1114,3729
1141,7028
1142,-6155
1142,544
1143,4788
1145,-2095
1145,-4317
1145,-9733
1145,4032
1175,-3544
1175,6538
1179,-3931
1204,-2862
1207,3823
1207,9249
1207,9540
1208,3822
1208,6730
1209,-2668
1210,-6925
1210,3850
1210,8381
1211,9533
1216,-5689
1239,-3154
1239,717
1243,-4221
126,8187
1265,919
127,-1598
127,-2379
127,-6836
127,-834
127,2565
127,736
127,8764
127,9346
1271,-7218
1272,-6726
1273,-6925
1274,-6924
128,-3446
128,-6350
128,-9069
128,6338
128,6418
128,6923
128,8373
129,-48
1302,7513
1336,533
1337,-3446
1337,-7121
1338,-7016
1340,-7905
1370,-8188
1370,7510
1372,-9834
1374,7207
1374,737
1401,-2085
1402,-7612
1403,-3246
1403,-9339
1403,1587
1405,5273
1409,3145
1431,-7996
1436,-7122
1438,7309
1467,-2474
1468,-3450
1469,-1798
1469,-3348
1469,-5288
1472,-5956
1498,-6743
1499,-3446
1499,-8237
150,4985
1500,3532
1501,3054
1502,-2571
1503,-3164
1506,-151
1508,8866
1512,2681
1517,9349
1521,-9837
1536,-1213
1536,-5470
1536,7608
1537,4984
1565,2232
1565,6722
1567,-3050
1567,-3246
1567,-7313
1567,147
1568,3250
1569,-9740
1579,3729
1598,-1308
1598,-4601
1599,3927
1599,5467
1599,5564
1599,7711
160,-3158
160,-8669
160,7975
1600,-4115
1600,-9063
1601,-5672
161,-1402
161,-3537
161,1798
162,-4987
162,-9548
162,1782
162,6921
163,-1989
163,-2862
163,-9839
163,9065
1630,2278
1631,-8089
1631,2185
1632,-1519
1632,-6438
1632,4499
1632,8871
1633,-9543
164,-3273
164,1019
1649,1890
165,-2678
1663,5086
1664,-1793
1665,818
1668,-5669
1676,7227
1697,-3451
1697,-8281
1698,813
1701,-1891
1701,-3347
1701,533
1701,8478
1707,8643
1728,5766
1729,6540
1731,-4318
1734,6443
1735,4497
1761,-5578
1764,-6255
1764,343
1764,6337
1766,5659
1766,7213
1793,50
1795,-2338
1796,-3538
1796,1113
1796,1310
1796,2276
1796,9926
1799,-9352
1823,8175
1826,-9734
1830,-5467
1830,4112
1831,2278
1831,2740
1832,5475
1861,5374
1861,718
1862,9047
1863,-3933
1875,-6926
1892,49
1893,816
192,-3243
1926,6741
1928,-9454
1928,3434
1928,900
1929,-7028
1929,-9144
1930,-4419
1932,-8867
1932,2074
1959,-3447
1961,-5962
1963,-6930
197,9733
1988,-5085
1992,8860
1994,1394
1996,2370
1996,8379
1997,3049
2026,-9935
2026,2080
2027,-9149
2030,-9738
2046,2286
2060,3621
2060,8763
2065,-2354
2090,-5673
2090,7512
2091,-332
2091,-439
2091,-5371
2091,-6446
2091,-7984
2091,5861
2091,6150
2091,8958
2092,142
2092,2271
2093,-9826
2093,7122
2095,-3630
2095,8379
2095,9630
2122,4785
2150,-2214
2155,-1789
2186,5671
2189,-5767
2189,4702
2190,2476
2192,-9246
2221,3531
2222,-9064
2222,5179
2223,9933
2224,-5091
2242,-7410
2254,-4397
2255,-7128
2255,-7319
2255,-9148
2257,-1596
2257,-1607
2257,-5277
226,-8683
2260,8379
2282,-9469
2285,6925
2286,-8867
2287,-434
229,-3024
2295,-1386
2310,-3512
2318,-5668
2320,-8277
2322,2756
2349,6256
2350,-5669
2352,9931
2362,8784
2384,-6542
2386,6537
2388,-6056
2415,-2173
2417,-2958
2417,7123
2418,-3345
2418,-4989
2418,-8964
2419,-3426
2419,3427
2441,-1446
2450,-8480
2450,9152
2451,7411
2459,-2314
2485,-3735
2503,-8724
2515,-2862
2516,-1123
2516,-454
2516,6823
2517,-8379
2518,7605
2546,-3627
2549,-6354
257,-1114
257,-9355
2580,49
2583,7028
2583,8667
259,-9932
260,-4114
261,4115
2613,-9735
2617,1209
2645,-1406
2649,2378
2649,9641
2679,-6639
2679,9824
2681,7509
27,3341
2707,9652
2711,-9070
2714,-3447
2724,8521
2744,-4021
2747,-1710
2761,-4074
2776,-5673
2779,2474
2783,4701
2791,1788
28,5379
28,821
2808,1112
2809,-9348
2810,437
2813,-3345
2831,5673
2841,-9535
2842,2863
2844,3743
2844,5366
2846,1690
2877,-8481
2880,-9746
289,-1101
29,9642
290,-5382
290,-7128
290,233
2909,-633
2909,9351
291,-1607
291,-3642
291,-5381
291,-9832
291,2373
291,6834
291,8098
2911,-6831
2928,-9637
293,-7709
2941,331
2944,-144
2945,1105
2947,-4358
2954,737
2972,8379
2972,9048
2976,4407
2978,1019
3007,4687
3007,5182
302,-9998
3025,8684
3038,-2282
3039,-7032
3041,-1883
3042,-2093
3070,-3247
3070,-4602
31,8763
3103,-1507
3103,-3645
3105,-677
3105,4788
3109,1019
3109,1988
3139,9740
3169,-7610
3171,-2618
3171,-4109
3171,2564
3171,2579
3171,9635
3172,-5469
3172,-6740
3194,-4429
3202,2468
3202,9734
3203,-3052
3203,4781
3203,5375
3205,6338
3206,-8019
3208,-1680
3211,71
323,148
3233,8380
3234,-5668
3235,4792
3236,1499
3239,-5570
3239,6336
3247,-5003
325,-533
325,4897
3256,5164
3268,-4703
3269,4404
3269,9444
328,-2276
3282,-5207
3298,-7985
3300,3929
3304,-4413
3334,-5086
3334,-9150
3336,-6929
3337,-6149
3338,4500
3363,4600
3364,4984
3365,-6443
3366,-1987
3398,-7809
3400,7114
3401,432
3401,6057
3401,6058
3401,821
3402,-5089
3402,6541
3402,7105
3423,2193
3431,-535
3431,5272
3433,7118
3433,8379
3435,-5187
3435,8378
3444,-1593
3466,7025
3467,-7353
3467,-9936
3494,-3827
3496,-6340
3497,7407
3498,-5282
3499,-2180
3500,4759
3501,3731
3503,-6441
3503,4881
3527,-6736
3530,-4223
3531,-1302
3531,7511
354,7897
3540,5651
3561,-7023
3564,-9157
3586,7003
3593,3729
3593,7309
3594,2954
3595,-1884
3595,231
3595,51
3595,9438
3597,-1108
3599,-48
3600,-7612
3627,-7614
3627,2277
3628,2755
3630,3527
3631,-4990
3631,-9350
3661,7123
3693,-8279
3694,-4702
3694,6047
3696,3050
3711,-295
3711,4115
3712,435
3714,-5754
3724,-4113
3725,9735
3726,6157
3729,7226
3752,5188
3758,-7512
3758,6340
3758,8946
3759,9146
3760,8292
3762,8379
3767,-6966
3789,-4017
3789,-4797
3790,-1605
3790,-2856
3790,-733
3791,-2759
3791,-7694
3791,3057
3791,6538
3791,8179
3792,8379
3822,8579
3823,-5085
3824,243
3826,-6155
3829,-334
386,-6057
3860,1489
3862,-2173
387,-4991
3888,-4503
3894,-7684
390,-1101
390,7310
390,9066
3910,-5670
3919,8379
392,6552
3920,-9151
3922,-3058
3923,-4015
3925,2177
3925,4115
3926,4115
3928,5179
393,-5469
3956,-727
3956,6538
3957,-9738
3960,-8278
3963,9024
3976,-9574
3989,-7028
3989,345
3994,-7895
4002,-7773
4020,-5143
4023,-7519
4024,-4011
4024,-4888
4025,-7330
4025,2476
4025,5186
4051,-2758
4051,-8480
4052,-7995
4055,-3911
4055,-9732
4084,-6340
4084,-8381
4084,7209
4086,-2862
4086,-532
4086,4214
4087,-1405
4087,-1510
4087,-780
4087,1597
4087,2739
4087,4013
4087,434
4087,9937
4088,-3053
4088,8479
4089,-9639
4090,8179
4091,820
4100,-4560
4131,8562
4149,2276
4153,5953
4154,-3735
4154,9931
4165,8178
417,9350
4183,-4599
4183,3446
4183,3545
4183,4114
4183,50
4183,6825
4183,9148
4183,9356
4184,-3231
4184,-338
4184,-4214
4184,-440
4184,-7985
4184,8864
4188,6722
421,-5378
422,-4123
4249,-7027
4249,7892
4250,-2281
4251,-1022
4251,-3724
4251,-438
4252,-2095
4252,-6643
4252,-8191
4253,-4795
4281,-7510
4281,6926
4282,-4800
4282,3641
4282,3729
4282,7601
4308,8562
4313,-6242
4313,4314
4313,7307
4313,828
4313,8770
4314,5571
4317,-3449
4339,8966
4346,-147
4346,-9346
4347,5659
4348,-5675
4349,150
4349,8273
4376,7310
4380,-3452
4382,6925
4382,8562
4383,-6844
4383,2859
4383,6822
4411,5183
4412,6444
4413,-6448
4414,-2958
4414,-438
4414,-4983
4418,1690
4443,7511
4445,8379
4480,3144
4482,-4610
4482,46
4511,-9350
4511,2005
4511,9235
4512,-4903
4512,-5188
4512,-6436
4512,6152
4516,-8191
453,-3826
454,-9840
4541,145
4542,-5671
4545,5376
4548,-4799
4548,-4990
455,-7028
455,-7108
455,1993
455,2555
455,6156
455,9148
456,-534
457,8474
4577,-4021
4577,-9347
4577,3243
4578,-4021
4578,-4226
4578,9643
4579,1990
458,-2862
4581,-8279
459,-2862
459,-9733
4608,-2477
4609,-7510
4609,9353
4610,-6442
4610,2757
4611,-1508
4612,-1404
4613,-5590
4613,5852
4627,7124
4638,4410
4641,-1594
4641,-7510
4647,7024
4675,1879
4675,832
4676,-9736
4677,-3246
4678,-6436
4679,-5954
4679,-7899
4679,7108
4706,8422
4706,9545
4709,-9031
4710,9734
4711,-8184
4728,-719
474,3486
4741,-6926
4741,7313
4744,-9157
4745,3145
4755,-9353
4774,7896
4774,9445
4804,7549
4804,9934
4806,-2480
4806,7603
4807,8864
4809,8388
4812,7410
4826,-4499
4834,51
4838,-5124
4869,-1301
487,-7226
487,-7790
4870,-8671
4870,2861
4871,7115
4872,1110
4874,6358
489,7602
4901,-2274
4902,6742
4905,-6254
4905,9047
4906,-3249
4906,147
4906,9827
4908,2858
4936,2579
4938,-9647
4938,-9923
4939,9532
4953,-4015
4964,4239
4966,-7995
4970,-3345
4970,-5673
4970,7707
4970,7996
4970,9247
4971,8662
4972,-7317
4973,7793
4999,-4887
5001,1788
5003,2655
5034,8862
5035,-1101
5067,3729
5068,8761
5069,-5862
5073,-8481
5091,-5672
5098,8954
5100,-1892
5104,-719
5104,-7510
5104,4983
5131,-9149
5132,-3249
5134,-7893
5134,5954
5135,-7694
5135,-7695
5136,-5570
5136,5671
5136,7709
5137,4114
5163,4012
5163,6927
5169,-9634
517,-3064
519,8576
5196,-5092
5197,-8480
5197,1786
5197,6524
5197,818
5198,-5001
5199,634
520,-8469
5200,-7889
5200,9918
5201,-4695
5201,-7304
5201,-9553
5201,6156
5202,-5570
521,-1312
521,-2280
521,-7891
521,-9636
523,-6440
5231,-8285
5231,6116
5232,491
5233,10018
5233,6527
524,4984
526,-1768
526,-2963
5262,1891
5263,6257
5263,8668
5263,918
5264,-1604
5264,6439
5265,-3449
5266,3146
5293,-1103
5294,-5187
5298,-1221
5299,-7229
5308,3081
5326,8966
5327,-1988
5327,-8684
5329,-9936
5348,-3306
5361,2755
5362,-2861
5363,1493
5365,-646
5366,9535
538,8562
539,-7510
5392,525
5394,-3443
5395,919
5396,-5087
5396,-9733
5396,8571
5397,6058
5400,1589
5425,434
5426,-7999
5426,245
5427,-1125
5427,-2866
5427,-5184
5427,-629
5427,-640
5427,-7409
5427,1018
5427,1728
5427,1992
5427,2456
5427,2578
5427,5182
5427,5284
5427,614
5427,9046
5428,-4198
5428,5179
5428,5371
5428,7113
5431,3143
5458,827
5461,-5775
5462,9537
548,-6866
548,9248
5492,-6344
5493,-5086
5494,7794
5494,8192
5497,-1405
5497,5466
5523,-3048
5525,6920
5526,-9161
5533,-8765
554,-824
555,-7521
555,143
5557,6245
5558,-7324
5559,6240
5559,914
5560,3728
5578,-2276
5588,-7694
5590,3826
5591,-9740
5594,-7509
5619,-4743
5623,-5473
5627,-5472
5627,-8866
5627,1788
5648,8562
5657,-148
5685,1586
5688,2275
5691,4215
5719,1991
5721,8479
5722,-2376
5722,4693
5723,1500
5723,3628
5755,332
5788,5376
5789,7015
579,-9998
579,8298
582,2472
5821,3636
5821,51
5825,9635
583,-9246
585,-9150
585,8283
5851,4398
5864,5954
587,4983
587,9741
5883,7023
5885,-1599
5886,-3249
5886,-6925
5887,-9733
589,-2084
5914,-6542
5917,7511
5920,3729
5923,-1792
5924,-7612
5949,-2093
5949,6255
5950,-4699
5951,-2078
5952,-4989
5952,-921
5954,6355
5980,-2173
5981,-1706
5981,1696
5983,7997
5984,3626
5986,1315
6010,2457
6011,-9534
6019,-3346
6021,-7411
6048,-9827
6050,-3834
6082,-1710
6082,-2090
6082,-2091
6082,-3727
6082,-9411
6082,150
6082,2679
6084,-2571
6084,6341
6087,4536
61,3730
6113,9775
6114,-8381
6116,-7419
6148,-1594
616,9064
617,3636
6175,5469
6180,8575
6181,1584
6193,-4597
62,-8867
62,-9454
62,5634
620,-1122
6211,-437
6213,-335
623,-3529
6243,144
6244,-4793
6244,6722
6245,-9918
625,50
6250,4984
6250,7875
6277,-1891
6277,5952
6279,5954
6297,6964
6305,610
6311,-9738
6312,3543
6313,9828
6342,-9449
6342,9921
6343,-7800
6343,9544
6344,-6542
6344,-7801
6344,-8668
6346,2577
6346,6448
6346,7115
6377,-5382
64,-5086
64,333
64,4215
6410,-1302
6410,-2470
6410,-2857
6438,3835
6441,-3345
6474,4113
6477,-5289
6477,2759
6484,-7752
650,4701
6507,-150
6509,4113
6511,2468
6511,8180
6519,-2173
6538,4115
6539,717
654,-6154
6540,9350
6541,2950
6542,-3448
6552,9936
6567,9046
6572,-2172
6576,-8680
6576,4984
6577,1972
66,6439
6604,-5860
6608,-8957
6613,-3041
6613,1972
6614,6623
6635,-5191
6636,8297
6642,3348
6670,-1608
6671,7991
6672,9453
6673,-239
6673,-4804
6674,2739
6674,4788
6704,5768
6704,633
6706,7897
6733,9735
6735,-9538
6735,8188
6736,5758
6739,4800
6741,4984
6741,6770
6747,-8646
6771,4207
6772,-8684
679,-7575
6790,-1229
6802,-1607
6802,-435
6802,-9353
6802,4785
6803,-3050
6804,-8092
6805,8556
6806,8181
6808,-6926
681,-9049
681,2074
682,-2759
682,-3346
682,-434
682,-5086
682,-8185
682,-9936
682,10018
682,4498
683,-7218
6833,347
6834,-4903
6835,-4207
6835,-7120
6835,-7898
6836,-8191
6837,-7699
685,-7510
685,3342
685,6439
6866,-1506
6866,6734
6868,-5187
6868,4981
6869,-9170
6876,5333
6896,-5751
6899,4099
6899,5673
69,-5855
6932,-3051
6932,3150
6933,-7612
6934,-9163
6934,5088
6965,-5960
6965,4119
6968,-4316
6969,-4316
6993,-4599
7000,-6156
7000,-6926
7029,-4320
7030,-1001
7030,4608
7031,51
7033,-4213
7033,3460
7036,6258
7061,-9634
7064,3250
707,-2228
7096,-1505
7099,5568
7104,-9998
7107,-3486
7121,2577
7128,-5376
7129,-4020
7129,-9732
7131,3549
7132,4594
715,7513
716,-1022
716,-8670
7161,1780
7161,4982
7161,5672
7161,7019
7161,7513
7163,-1888
7164,7804
717,-4902
717,9250
7170,6521
718,-1696
7180,-3024
7186,9264
719,-5467
7193,-7130
7197,4395
7198,-7412
720,5475
7229,-4020
7229,-5955
7229,2070
7241,-8439
7257,-146
7260,4317
7262,-4989
7267,4940
7268,-3246
7285,-7310
7291,-3630
7291,-5855
7292,-2277
7292,-734
7292,6342
7292,8761
7294,-4701
7294,3253
7294,7217
7297,-8378
7313,-2982
7322,5750
7324,8379
7326,6236
7327,-1692
7348,-8436
7357,-1115
7357,5371
7359,3145
7360,1202
7363,9349
7379,-8685
7388,-5470
7392,-9834
7393,1981
7393,9066
7394,-2468
7399,3429
7423,6531
7424,1494
7427,-5450
7440,-3285
7456,-2178
7460,3050
747,-1710
747,-729
747,-9150
7489,9151
7491,-5970
7492,-9062
7496,3243
750,-1587
750,-5946
750,-6437
750,-9640
750,9046
750,9533
751,4217
752,-3249
7520,-5370
7520,7513
7521,-7306
7522,-1509
7554,5380
7555,-1405
7555,10016
7556,-57
7557,-7999
7557,-8675
7559,2173
756,-5709
7584,9642
7586,442
7586,9540
7589,-454
7590,-1884
7590,5570
7618,-7328
7620,-3142
7621,6058
7622,-2570
7622,-3542
7651,-49
7652,-1312
7652,1589
7652,6925
7652,9065
7654,2859
7657,-1711
7658,-3630
7682,7209
7682,8580
7684,8471
7686,-1878
7686,-2477
7686,-2562
7686,-7324
7686,2662
7687,-1889
7701,-394
7718,7011
7719,4317
7750,5469
7752,-8470
7752,9446
7781,-6642
7783,9637
7785,-9640
7786,6701
7800,-4902
7803,-1405
7813,-9774
7815,4985
7816,4986
7819,4215
7820,-6727
7820,4215
7821,-4886
783,6924
784,-5469
784,6722
7846,-3246
7846,1595
7847,3346
7847,4983
7848,8273
7851,9252
7854,-231
7879,-5951
7883,7019
7907,319
7915,-3833
7915,8963
7917,-9640
7917,8379
7936,-1101
7936,335
7948,-5271
7948,8769
7950,3920
796,-9410
7981,9253
8011,-1305
8011,-2172
8011,-7413
8011,819
8012,636
8015,-8859
8047,1597
8047,5957
8079,-2369
8108,536
8110,7700
8111,1792
8112,-3812
8112,2470
8112,3446
813,-7024
813,147
8139,-7211
814,1304
814,3727
814,5280
814,6924
8142,4323
8143,7024
8143,818
8143,8379
8144,-4901
815,-3157
816,-1496
817,-147
8176,7509
8177,-2571
8177,-3735
8177,2094
8211,5472
8239,1589
8242,-6536
8263,8474
8274,-336
8278,1304
8305,-2187
8306,-1206
8306,-3048
8306,-9838
8306,4601
8306,737
8307,-4115
8307,-4703
8307,-9161
8307,2497
8307,3716
8307,4299
8307,434
8307,4792
8308,433
8308,5767
8311,818
8339,2560
8340,-6929
8341,8761
8342,8864
8343,9350
8347,6642
8372,-4020
8372,-7029
8372,5082
8372,9066
8373,-2172
8373,6047
8373,9211
8374,6834
8375,-733
8404,-2854
8404,2556
8406,6538
8435,-8965
8435,4700
8436,-3543
8437,-2478
8437,-3252
8438,-4025
8440,-4801
8440,-5775
8440,8561
8470,-53
8470,-6340
8470,-7899
8470,7990
8471,-3152
8471,-6599
8471,-9547
8472,4027
8500,-1596
8503,-4503
8503,-5285
8503,638
8503,9250
8504,-641
8506,2270
8524,-9734
853,5972
8534,4012
8534,8084
8537,-3436
8537,-8970
8537,4890
8537,8751
8540,1890
8555,-1871
8568,-9837
8586,4984
8599,3145
8633,-4803
8634,-6156
8634,-6340
8634,2276
8634,8874
8637,-9451
8666,-3344
8666,1788
8667,-8285
8669,6723
8670,333
8696,4315
8697,1202
8698,-3734
8699,-3144
8699,-542
8699,5856
8700,-7032
8701,-1894
8701,3425
8702,7309
8732,-1306
8733,-6925
8733,8855
8734,-4897
8736,-2383
8736,6159
8745,8178
8763,-838
8764,1020
8764,7029
8765,-342
8765,-4596
8765,8668
8766,6058
8767,9827
8768,-3446
8768,-7178
878,8377
879,-2093
8794,-253
8795,-7894
8798,-3728
880,-7128
880,6730
8811,-1123
8826,233
8829,-1465
8829,-6722
8829,-9733
8830,1121
8833,8957
8834,-3246
8860,-4032
8864,-1123
8864,1991
8867,-1321
8894,-2277
8895,-240
8895,-8477
8895,-9733
8896,5093
8896,9741
8897,140
8897,6722
8899,-8482
8900,-9837
8900,2171
8900,2274
8929,-9349
8929,7017
8929,737
8931,-8763
8932,-7510
8957,-7554
8960,-7310
8961,-6244
8961,-9533
8962,-7310
8962,1600
8962,2475
8963,4700
897,4841
8981,2983
8993,-5967
8994,-131
8994,-4987
8997,-539
8997,3142
8998,-8866
9006,-1445
9006,-9049
9028,-8663
9029,-1989
9058,3812
9059,-1790
9059,-2478
9059,-7188
9059,-7696
9059,2475
9059,9150
9059,9636
9060,-2963
9062,5571
9063,-9735
9066,-1505
9090,1303
9094,-151
9094,-7895
9109,-9290
9109,212
911,-9351
912,-150
912,-5671
912,2476
912,5670
9123,7511
9124,3142
9125,49
9125,8085
9126,8474
915,-2678
915,-3345
915,-4505
915,-4517
915,-537
915,-8293
915,6723
9159,9453
916,9162
9191,7998
9192,4498
9193,1401
9214,6602
9223,10016
9224,-2754
9227,-3366
9255,-3635
9255,5670
926,-9143
9265,-5351
9280,-3992
9286,-7795
9288,-2371
9288,2661
9293,-2678
9293,-7510
9319,-5386
9320,-8684
9321,-7307
9321,7025
9323,5181
9324,-2093
9324,4116
9325,-9733
9351,-1202
9351,6055
9351,8863
9351,9251
9352,7688
9354,-9148
9355,6631
9357,8376
9384,-4599
9385,5568
9385,722
9387,-1317
9387,3051
9388,-3347
9389,7511
9390,-6726
94,-7613
94,-8485
9401,-3511
9404,2074
9413,8379
9418,-1403
9420,-4895
9422,-8281
9423,-6927
9435,-1206
944,-8957
944,-9933
9449,-148
945,-1319
945,-1893
945,-9924
945,4701
9451,-7028
9452,-9935
9453,-5472
9453,-9734
9455,-9450
9455,6639
9458,-2175
946,-5590
946,6723
947,2863
9483,-7028
9485,-4797
9485,-5379
9485,-729
9486,-1606
9486,-4796
9488,434
9488,5955
9492,7957
95,4409
9515,6925
9516,-2759
9516,-9347
9516,6338
9518,8288
9518,8371
9519,-7027
9519,-9455
9519,1588
9519,4313
9519,4417
9519,6822
9519,7025
9519,7305
9519,737
9519,9058
9520,2863
9520,4801
9523,1788
9532,-5670
9549,7220
9550,-8222
9550,2571
9551,9830
9563,-1305
9563,1264
9580,-7026
9581,-9554
9584,-1209
9585,-6826
9585,-9634
9614,-8869
9616,-3346
9616,-4129
9616,2375
9618,-2173
9618,-354
9618,-7907
9618,-9652
9618,339
9646,-3165
9646,-9640
9647,-2172
9647,-8965
9647,3146
9649,-5288
9649,-9638
9649,6538
9649,8660
9650,-6728
9679,6925
9680,-1208
9681,1302
9682,-7511
9682,2847
9682,532
9682,6154
97,9545
970,3567
9715,1980
9718,-6358
9718,149
9746,-7410
9748,-7894
9749,-1505
9749,8379
9750,-4987
9753,-2032
976,-1205
976,9250
9778,-7326
9779,2476
978,-9250
9780,-540
981,5469
981,7225
9811,-918
9811,6053
9812,-8077
9812,-9438
9814,-1115
9814,-9734
9814,3245
9845,6828
9846,-1407
9846,-3723
9876,-5575
9876,5273
9877,-4888
9910,-3630
9910,4318
9911,8966
9913,4397
9944,918
9946,618
9948,-1990
9948,-6358
9976,145
9978,-1697
9979,8076
