# 4x4 Slime Chunk Seeds for position (1024, 5328)
# Format: seed
2221790994308
3080784453508
3939777912708
4798771371908
5176732688260
6035726147460
6894719606660
7753713065860
10777365847940
11636359307140
12495352766340
13354346225540
13732307541892
14591301001092
15450294460292
16309287919492
19332940701572
20191934160772
21050927619972
21909921079172
22287882395524
23146875854724
24005869313924
24864862773124
27888515555204
28747509014404
29606502473604
29984463789956
30465495932804
30843457249156
31702450708356
32561444167556
33420437626756
35585096949636
36444090408836
37303083868036
38162077327236
38540038643588
39021070786436
39399032102788
40258025561988
41117019021188
41976012480388
44140671803268
44999665262468
45858658721668
46717652180868
47095613497220
47576645640068
47954606956420
48813600415620
49672593874820
50531587334020
52696246656900
53555240116100
54414233575300
55273227034500
55651188350852
56132220493700
56510181810052
57369175269252
58228168728452
59087162187652
61251821510532
62110814969732
62969808428932
63828801888132
64206763204484
64687795347332
65065756663684
65924750122884
66783743582084
67642737041284
69807396364164
70666389823364
71525383282564
72384376741764
72762338058116
73243370200964
73621331517316
74480324976516
75339318435716
76198311894916
78362971217796
79221964676996
80080958136196
80939951595396
81317912911748
81798945054596
82176906370948
83035899830148
83894893289348
84753886748548
86918546071428
87777539530628
88636532989828
89495526449028
89873487765380
90354519908228
90732481224580
91591474683780
92450468142980
93309461602180
95474120925060
96333114384260
97192107843460
98051101302660
98429062619012
98910094761860
99288056078212
100147049537412
101006042996612
101865036455812
104029695778692
104888689237892
105747682697092
106606676156292
106984637472644
107465669615492
107843630931844
108702624391044
109561617850244
110420611309444
112585270632324
113444264091524
114303257550724
115162251009924
115540212326276
116021244469124
116399205785476
117258199244676
118117192703876
121140845485956
121999838945156
122858832404356
123717825863556
124095787179908
124954780639108
125813774098308
126672767557508
129696420339588
130555413798788
131414407257988
132273400717188
132651362033540
133510355492740
134369348951940
135228342411140
138251995193220
139110988652420
139969982111620
140828975570820
141206936887172
142065930346372
142924923805572
143783917264772
146807570046852
147666563506052
148525556965252
149384550424452
149762511740804
150621505200004
151480498659204
152339492118404
155363144900484
156222138359684
157081131818884
157940125278084
158318086594436
159177080053636
160036073512836
160895066972036
163918719754116
164777713213316
165636706672516
166495700131716
166873661448068
167732654907268
168591648366468
169450641825668
172474294607748
173333288066948
174192281526148
175051274985348
175429236301700
176288229760900
177147223220100
178006216679300
181029869461380
181888862920580
182747856379780
183606849838980
183984811155332
184843804614532
185702798073732
186561791532932
189585444315012
190444437774212
191303431233412
192162424692612
192540386008964
193399379468164
194258372927364
195117366386564
198141019168644
199000012627844
199859006087044
200717999546244
201095960862596
201954954321796
202813947780996
203672941240196
206696594022276
207555587481476
208414580940676
209273574399876
209651535716228
210510529175428
211369522634628
212228516093828
215252168875908
216111162335108
216970155794308
217829149253508
218207110569860
219066104029060
219925097488260
220784090947460
223807743729540
224666737188740
225525730647940
226384724107140
226762685423492
227621678882692
228480672341892
229339665801092
232363318583172
233222312042372
234081305501572
234940298960772
235318260277124
236177253736324
237036247195524
237895240654724
240918893436804
241777886896004
242636880355204
243495873814404
243873835130756
244732828589956
245591822049156
246450815508356
249474468290436
250333461749636
251192455208836
252051448668036
252429409984388
253288403443588
254147396902788
255006390361988
258030043144068
258889036603268
259748030062468
260607023521668
260984984838020
261843978297220
262702971756420
263561965215620
266585617997700
267444611456900
268303604916100
269162598375300
269540559691652
270399553150852
271258546610052
272117540069252
275141192851332
276000186310532
276859179769732
277718173228932
278096134545284
278955128004484
279814121463684
280673114922884
