(X,Z,SeedCount)
-3507,-9640,4967
-5893,819,2696
-2393,-53,2603
-1934,-5288,2516
-5762,3729,2430
8962,2475,2391
-7854,2074,2365
-6055,8181,2018
5263,6257,1992
-2718,1202,1980
-2881,-5086,1980
-8649,7329,1913
9389,7511,1897
9352,7688,1816
-5761,8377,1707
-3081,8379,1643
-5762,3730,1613
-2881,-5570,1601
-9326,4398,1559
539,-7510,1539
4149,2276,1437
-7854,-7794,1401
9519,4313,1397
945,-1893,1394
2091,-6446,1361
4249,7892,1361
-6845,-5287,1354
8372,9066,1348
-9689,3239,1308
2944,-144,1291
1631,-8089,1272
7948,-5271,1255
5648,8562,1242
3503,4881,1239
1892,49,1218
3791,6538,1218
8472,4027,1196
-9688,8379,1195
-5762,2658,1166
5232,491,1162
390,7310,1161
-3503,-3156,1147
2091,-7984,1146
64,333,1144
-3765,8562,1130
-9196,-4112,1124
-5762,-2862,1122
1043,8562,1113
3103,-3645,1106
-725,-8684,1095
-5600,-2658,1093
-8379,7651,1092
-3274,-4804,1090
8895,-240,1083
3467,-7353,1081
4346,-147,1076
-3831,-9531,1074
6538,4115,1054
-3508,4032,1053
7848,8273,1051
-2519,3349,1046
-7854,-7795,1043
-7953,-6056,1021
-6249,-4891,1005
625,50,979
-3702,-3533,976
6245,-9918,967
3925,2177,964
4577,-4021,955
-5204,7215,953
-6708,-7511,951
9519,1588,951
5003,2655,947
-9067,-8484,936
3791,-2759,926
3631,-9350,925
3792,8379,920
-8383,-7511,908
9618,-2173,896
-3566,-3629,884
585,8283,880
-1881,2314,875
5427,-5184,873
679,-7575,872
-2588,7105,864
579,8298,854
-2,8378,846
3202,2468,837
-2950,-132,831
-6646,-4702,831
-2000,-9594,830
555,143,827
6050,-3834,821
912,-5671,817
6114,-8381,816
538,8562,816
8342,8864,815
-686,-1405,812
-7334,-7895,809
8962,-7310,809
1500,3532,804
1632,4499,804
-2619,9533,798
-7072,9056,796
5425,434,794
7129,-4020,793
-7428,-7510,792
-5433,-8285,790
8306,-3048,789
7031,51,782
-5138,6246,781
-6890,1487,769
4002,-7773,767
2388,-6056,765
4541,145,764
1599,5467,764
2221,3531,761
-3080,7511,759
-4062,-3246,753
-1671,-7126,753
-7855,-7317,751
8896,9741,750
5200,9918,749
-4552,341,748
-1866,-3253,745
2516,6823,745
4380,-3452,741
1469,-5288,739
-1367,4114,737
-6972,-3246,735
1078,3828,733
9551,9830,733
-918,2277,732
4706,8422,732
-8764,-3953,731
5949,-2093,730
-2491,-9353,727
681,2074,725
587,4983,724
-1963,-8183,723
-2193,-1989,722
1014,8378,722
-7758,-146,720
5426,-7999,720
5851,4398,719
-6937,-3529,719
4282,7601,717
-6189,-7893,716
6477,2759,715
126,8187,714
-1869,-4119,713
9486,-4796,713
5135,-7695,711
-4154,-3727,708
-8021,3926,708
6833,347,707
3926,4115,704
7846,-3246,704
290,233,701
-7499,-1992,701
944,-8957,701
-9360,-1503,701
-3829,-149,695
-394,-3817,693
-6972,-7126,693
-7530,-8965,693
-2098,-8098,690
4647,7024,689
9413,8379,689
1075,-6542,688
-2523,1210,685
-2718,4802,685
-3761,515,684
8586,4984,682
-1671,4018,681
6305,610,677
-4777,5674,676
-2800,-2093,675
-3536,7214,675
-8312,825,675
3366,-1987,673
1568,3250,670
8534,8084,670
-9392,-8085,670
4087,-1405,668
5920,3729,668
-6972,3140,667
-7854,-1505,667
-8706,373,667
3268,-4703,666
5197,-8480,665
7686,-2562,664
716,-8670,664
4183,50,662
2026,-9935,662
-2096,-5087,661
-3537,3050,659
-7436,-333,659
-1835,6636,658
4025,-7330,658
9401,-3511,655
-5924,-9640,653
3600,-7612,651
-3044,-8376,650
-7626,-3542,649
7686,-7324,649
-2099,-3448,648
7440,-3285,648
3593,7309,647
8960,-7310,646
-7299,9250,646
6802,-435,645
2155,-1789,644
9618,-7907,643
5135,-7694,642
8307,-4703,641
-5271,-443,640
8698,-3734,639
-2031,-253,638
-3507,-3629,637
8503,638,635
8830,1121,635
6771,4207,634
-7233,-3636,634
-8146,-4027,634
-3043,-7693,631
1567,147,630
7846,1595,628
-6253,820,626
-6811,-7991,625
817,-147,624
8633,-4803,624
-2881,4498,623
-7229,5268,623
8110,7700,622
-6026,8926,621
-5762,-1298,620
-5598,-50,619
7107,-3486,618
1499,-3446,617
7622,-3542,617
-493,-438,616
-4714,-1207,615
5986,1315,615
-7135,7891,613
5200,-7889,612
-363,4888,610
7267,4940,609
3791,-7694,609
1830,-5467,607
-7331,-8871,607
-9525,-5469,607
2810,437,601
-6972,1991,601
-3508,-821,600
8932,-7510,600
7854,-231,597
-7854,8584,596
-9751,7695,596
-2718,-4111,594
682,4498,594
6806,8181,593
5559,914,591
912,-150,590
-3761,-3670,590
-3830,-2960,590
4578,-4226,590
-5858,-7998,588
-2686,-9734,588
-5567,2476,587
9324,4116,586
2224,-5091,585
289,-1101,583
3233,8380,581
-6676,8866,581
-3509,-3751,578
-3831,-9634,578
-200,-3791,577
-8705,-5375,577
-1805,335,573
-9426,6538,573
915,-8293,572
8307,3716,572
8435,4700,572
4678,-6436,570
-5499,-8462,570
-8543,-3911,570
6048,-9827,570
-295,434,569
-5176,434,569
1861,718,568
-1178,3148,568
1302,7513,567
-8151,-1792,567
7907,319,566
-6645,-7123,565
-4911,-8481,564
-1341,3631,563
-1409,-7120,563
-8237,435,563
-822,4600,562
-6419,-4017,562
-8278,-5286,562
1831,2278,558
6706,7897,558
-1348,-9551,557
-889,7602,556
-2,-1790,555
-757,-2094,552
-3930,-1123,552
-103,-5663,552
-6844,4498,552
683,-7218,552
-5893,-4905,551
7589,-454,551
8307,-4115,551
-6017,-8501,551
-2199,-7511,550
2941,331,549
5298,-1221,547
95,4409,546
-9559,-3927,546
-7856,-3629,545
6866,6734,544
2222,-9064,544
-528,-827,543
1793,50,542
-3044,-434,542
-8230,2049,542
-5764,-7693,541
-9358,7497,541
3211,71,539
2681,7509,539
1114,3729,538
7294,7217,537
9913,4397,537
4086,-532,536
521,-7891,536
-625,8289,536
-2557,-3630,535
4183,3545,534
-8379,3831,534
-8181,-3831,532
654,-6154,531
-5955,6256,531
750,9046,530
-3603,-5774,529
-7363,-2277,529
8994,-131,529
4184,-7985,527
-9777,4397,527
-791,427,526
-4127,1210,524
-2363,2961,522
4953,-4015,522
9910,4318,520
6438,3835,516
31,8763,516
-5436,-7512,515
-3311,-8199,515
2844,3743,514
-4389,4702,514
-3177,-7694,514
-169,7887,514
3724,-4113,513
-7298,7024,513
150,4985,512
5262,1891,512
-260,-8279,511
6542,-3448,510
-8316,4600,510
7186,9264,510
-8211,-5084,509
3711,-295,508
6804,-8092,507
226,-8683,507
9125,8085,507
-1832,2074,506
8670,333,504
8794,-253,504
-6024,7892,503
-5163,6822,502
1761,-5578,500
-5175,-9833,499
-7825,-4887,497
-5764,8562,497
-8997,-3446,497
526,-2963,496
1861,5374,495
-5762,6642,495
7360,1202,494
-7919,-4903,493
8307,434,493
-4945,-9446,493
-2982,4399,491
-2000,-9544,491
5980,-2173,490
3402,-5089,489
1926,6741,489
6116,-7419,489
417,9350,488
9325,-9733,488
-3043,4316,487
-6018,3146,487
9519,4417,487
-2717,7018,484
9647,-8965,484
9255,-3635,482
3247,-5003,481
-6349,5082,481
715,7513,481
-7561,8379,481
-5762,-7510,480
1243,-4221,479
-3178,-6937,479
3423,2193,478
3694,-4702,478
4253,-4795,478
-8771,-7510,478
8897,140,478
-3473,-9733,478
2349,6256,477
5887,-9733,477
-97,4399,476
6082,-2090,476
6968,-4316,476
752,-3249,475
8176,7509,475
-9229,-6146,475
459,-2862,474
-2195,-5086,474
456,-534,473
2418,-3345,472
5627,-5472,472
8011,-2172,472
4251,-438,471
-626,4696,471
3433,8379,471
8373,9211,471
-9320,7510,470
-9395,-2387,470
5163,4012,469
3206,-8019,469
1468,-3450,468
2060,3621,468
-9293,1892,468
-952,9736,468
-921,-5860,467
-3732,1211,466
3630,3527,465
5627,1788,465
-8217,-5955,465
3994,-7895,464
2954,737,463
-9101,-1989,463
9094,-7895,462
-1050,-1314,460
718,-1696,460
-4027,-4035,460
5067,3729,460
-5104,6339,460
-7817,7690,460
8404,-2854,460
1337,-3446,459
-3109,-4789,459
-5498,51,459
-6384,-1224,458
3336,-6929,458
3398,-7809,458
816,-1496,457
5427,2456,457
-7154,-4298,457
9812,-8077,457
-8963,-4602,456
3595,231,455
650,4701,455
-1479,8179,455
4728,-719,454
6899,5673,454
8375,-733,454
-5368,3725,453
-6779,4022,453
9812,-9438,452
9618,-9652,451
-4811,-9732,451
-918,1301,450
-3507,1405,450
-1147,7313,450
5722,4693,449
1175,-3544,448
-4914,7307,448
1598,-4601,447
2318,-5668,447
7260,4317,447
7590,-1884,447
8963,4700,447
-3834,-151,446
-3177,-6925,446
6297,6964,444
-7691,-2198,444
-2881,-2093,443
7554,5380,443
-2523,-8965,443
-625,233,442
6899,4099,442
-7595,237,442
-9820,-7510,442
4641,-1594,440
9159,9453,440
-9463,-5085,440
-6155,-5181,439
-821,7705,439
7820,4215,439
163,9065,439
-2062,6721,438
3236,1499,437
-4750,4120,437
-7006,-7996,437
2060,8763,437
-8870,2314,437
-9786,4304,435
2808,1112,433
-1832,4113,433
-6972,3629,433
8470,-7899,433
-888,1121,432
3527,-6736,430
-7919,8377,430
-2264,926,429
3531,7511,429
5104,4983,428
9614,-8869,427
1145,-9733,427
-3995,6156,426
8339,2560,426
3498,-5282,425
-1999,-6543,425
-564,-6821,424
-3045,-629,423
5427,1992,423
-9165,7706,423
-9197,4702,423
945,-9924,423
1106,-6825,422
-4256,-9453,422
587,9741,422
-726,4314,421
-6252,6826,421
-6089,2372,420
-1345,7107,420
-9161,8377,420
-3472,4701,419
-8312,6446,419
-9228,-9929,419
-2717,3150,418
4414,-438,418
4252,-6643,418
912,5670,417
-5764,818,417
4183,6825,417
1697,-8281,415
-2881,3243,414
-4288,7306,414
-7790,4788,414
-9524,-2964,414
9750,-4987,414
3169,-7610,413
-757,6925,412
-459,-7889,411
8143,8379,411
-165,-2277,410
-2098,-3246,409
-6123,-450,409
8696,4315,409
751,4217,408
1862,9047,408
-2881,9349,408
1536,-5470,407
8112,3446,407
-4519,3727,406
6243,144,406
1676,7227,406
7357,5371,406
-8083,3927,406
3790,-1605,405
-3079,8775,405
3595,9438,405
229,-3024,404
-6188,-3544,404
2945,1105,403
3956,6538,403
7180,-3024,403
-7398,2752,402
-9621,7511,402
474,3486,401
-6646,-344,401
1370,7510,401
-7039,-9733,401
3038,-2282,400
-3566,7124,400
1536,7608,400
-1935,7888,400
9351,8863,400
-9360,3141,400
9516,-9347,400
-726,2818,399
7652,1589,399
-6709,-8963,398
-3077,-4315,397
-7298,4499,397
-6689,8701,397
585,-9150,397
7000,-6926,396
6175,5469,395
7229,-4020,395
-6908,-7419,395
-8902,3736,395
-1997,920,394
4826,-4499,394
-7003,-3253,394
4308,8562,394
-9719,232,394
9321,7025,393
4251,-1022,392
4872,1110,392
-6972,1202,392
-9459,4108,392
-1178,1498,391
-6808,-255,391
6934,5088,391
-8632,2259,391
1107,-9069,391
4153,5953,390
8470,-6340,390
-4681,-3449,389
-1865,-9733,389
4577,3243,388
3203,4781,388
-6312,4215,388
-9818,6762,388
9911,8966,387
-2557,47,386
7198,-7412,386
-8597,211,386
-1965,3729,385
-6089,-2662,385
-3508,-8277,385
161,-1402,384
8929,7017,384
2415,-2173,383
7292,6342,383
6673,-239,382
-2882,-7694,382
1403,-3246,381
-6023,-4791,381
-7826,51,381
-8312,6355,380
-3048,1954,379
-7854,-6340,379
-8181,8379,378
2362,8784,378
-2159,2759,377
3561,-7023,377
-8415,-5186,377
6244,6722,376
-9197,-4506,376
-1671,-9837,376
5594,-7509,375
-7759,8379,375
8404,2556,375
7586,9540,375
-3373,4307,374
-5142,3819,374
8900,2274,374
-8937,-8006,374
-9034,3050,374
-6189,7308,373
-2522,-8565,373
3300,3929,372
-1666,-5883,372
6213,-335,372
6642,3348,372
6343,9544,372
-2882,2764,371
64,-5086,371
5619,-4743,371
7786,6701,371
5497,-1405,370
-6187,2765,370
7813,-9774,370
-1642,637,369
814,5280,369
9094,-151,369
-9623,-1608,369
-8706,7610,368
1039,8763,368
-7269,-9932,368
-6447,-6446,367
2911,-6831,367
7819,4215,367
-9162,1591,367
-6157,-9454,367
-6448,-3637,366
-7525,-739,366
7557,-8675,366
8763,-838,366
-3044,-7510,365
4089,-9639,365
-8115,1405,364
7879,-5951,363
1996,8379,363
8997,3142,363
-8021,-9733,363
526,-1768,362
1796,2276,362
-5402,3918,362
6965,4119,362
6484,-7752,362
161,-3537,361
-1416,-3731,360
6346,2577,360
-1509,6721,360
-7494,7700,360
-7854,2458,360
7492,-9062,360
9650,-6728,360
-2540,2497,359
-3242,-5675,359
-6546,2173,359
2451,7411,359
-1936,-52,358
7701,-394,358
-4482,1406,357
5427,-640,357
-5827,7024,357
-3964,-7612,357
7618,-7328,357
-7658,-9249,357
-1574,9349,357
2095,-3630,356
-1671,-3933,356
-1,-4601,356
-200,5374,356
2092,142,355
-5990,-5466,355
487,-7790,355
7393,9066,355
-3111,-1786,354
-5074,-1029,354
-6478,-7127,353
-7854,2369,353
926,-9143,353
5397,6058,352
8766,6058,352
-9196,-4597,352
-1409,1300,351
-299,-7893,351
-2557,2843,350
5461,-5775,350
-7369,-5955,350
-7984,-2469,350
-8707,3920,350
4774,9445,350
9616,2375,350
3500,4759,349
4512,-5188,349
-5738,2173,349
-9362,5267,349
387,-4991,348
-5604,-4397,348
6739,4800,348
4970,7996,348
-5827,8872,348
-9206,8178,348
291,2373,347
-6934,-5671,347
-8738,-439,347
8765,-4596,347
5264,-1604,346
8929,-9349,346
-5761,6441,345
6932,-3051,345
-526,-7028,345
6933,-7612,345
8308,5767,345
-7396,9926,345
-2718,-2759,344
-5436,5568,344
1631,2185,343
-3044,-2467,341
290,-5382,341
-5600,8379,341
-6317,-8866,341
-9423,2376,341
3823,-5085,340
7099,5568,340
-8981,818,340
-2801,-9047,340
-5600,-438,339
94,-7613,339
9647,3146,339
-527,-153,338
1209,-2668,338
-3476,6924,338
-8278,7117,338
-1713,-353,337
-2787,435,337
-8705,7023,337
-6349,9553,337
1598,-1308,336
-5502,4410,336
-6613,520,336
6344,-7801,336
-5369,8374,336
-2003,8561,336
-854,-4510,335
-6973,3334,335
-5892,7511,335
-1214,-252,334
-3274,6984,334
-2264,-7995,334
-1588,4499,333
-5762,-3933,333
-3799,8379,333
-1083,9246,333
3599,-48,332
-3897,-4600,332
9519,737,332
6084,-2571,331
-7757,630,331
-7854,7513,331
-8937,-7809,331
1796,1113,330
7161,1780,330
-7658,-4222,330
-9261,1394,330
3171,9635,330
4938,-9647,330
6704,5768,329
-4194,-6824,329
-2656,7996,329
-2520,-9062,329
-9759,-618,329
4608,-2477,328
5400,1589,328
-4154,-7023,328
3989,-7028,328
160,7975,328
-9624,1501,328
-4943,5555,327
1996,2370,326
-2589,-3529,326
-7854,1885,326
1372,-9834,326
1764,-6255,325
4383,-6844,325
-200,917,324
4087,4013,324
4251,-3724,324
5263,918,324
8242,-6536,324
-9884,-7999,324
-4268,4600,323
-8737,-918,323
4183,9148,323
9518,8288,323
5198,-5001,322
4051,-8480,322
-9393,821,322
1207,9540,322
-2849,-4015,321
-136,-7510,321
4973,7793,321
-9851,-5469,321
2091,-439,320
2617,1209,320
-5728,-3440,320
-6385,-147,320
7322,5750,320
6835,-7898,320
-1244,-8191,320
-9065,-7899,320
-661,-1696,319
-5401,819,319
-5628,-2375,319
6250,4984,319
-3536,7895,319
-8153,-4800,319
2877,-8481,319
1928,-9454,319
6082,150,318
-8122,634,318
8669,6723,318
-5339,-9341,318
-1508,-1605,317
3888,-4503,317
-4646,-49,317
-4648,-537,316
1405,5273,316
-1354,5724,316
7064,3250,316
-8215,2275,316
2779,2474,315
1338,-7016,315
-90,7107,315
8306,-1206,315
3435,8378,315
9321,-7307,315
4578,-4021,314
-1671,-7798,314
291,-9832,314
3070,-3247,313
-1180,-4887,313
-2491,-7027,313
-7136,820,313
-2556,8379,313
-3733,-2564,312
5266,3146,312
-3635,6734,312
-8013,-2598,312
-3960,-3629,311
5427,5182,311
4084,7209,311
2649,2378,310
4548,-4799,310
-4811,-2957,310
5623,-5473,310
8177,2094,310
7851,9252,310
-5010,6348,309
-6938,-4994,309
6082,-9411,309
1010,-9734,309
3791,3057,308
-3761,-6339,308
9265,-5351,308
1503,-3164,307
-6219,-1402,307
6837,-7699,307
-2720,-52,306
-2328,-5282,306
-7363,6539,306
-9297,-1404,306
2761,-4074,305
4087,1597,305
4906,147,305
-3509,5467,305
-6414,7409,305
9066,-1505,305
3920,-9151,305
-820,-5085,304
3203,5375,304
-6056,-4115,304
-4814,-7715,304
-3375,-8576,304
4710,9734,304
5431,3143,303
-8871,2560,303
-1868,4597,302
5691,4215,302
6674,2739,302
1141,7028,302
-8276,-1890,302
-462,8377,302
9058,3812,302
-2576,5204,301
814,6924,301
-6973,2376,301
-9197,8561,301
2095,9630,301
4676,-9736,301
6113,9775,301
-6646,6524,300
8537,4890,300
4807,8864,300
-7228,-5711,299
-7690,-5955,299
-8053,-1686,299
9550,2571,299
8108,536,298
1630,2278,297
-721,-4170,297
-4193,3540,297
-7135,-1412,297
7559,2173,297
-9362,6734,297
1047,-636,296
8211,5472,296
-6838,-9536,296
-7728,-9739,296
2046,2286,295
-5235,-7410,295
-8278,5085,295
-8410,578,295
-3012,-1404,294
1766,7213,294
-7298,-2759,294
-361,-7997,294
8374,6834,294
-8475,-1893,294
-5765,-7487,293
-9360,-7695,293
9876,5273,293
-2388,-354,292
-853,-5773,292
1764,6337,292
8997,-539,292
-2685,-1507,291
3860,1489,291
4970,-3345,291
1961,-5962,291
-1862,6146,291
-2718,6538,291
1208,6730,291
-5666,8660,291
-8902,-6642,291
4834,51,290
1668,-5669,290
-4779,-6247,290
7821,-4886,290
-8215,-7312,290
-4911,8561,290
-953,8955,290
-1341,4701,289
-2687,6338,289
-2460,7307,289
-8412,-2466,289
6608,-8957,289
9585,-6826,289
-9687,3628,289
4679,-5954,288
6511,2468,288
-3141,-9442,288
128,-3446,287
3752,5188,287
5264,6439,287
-7362,-5185,287
-7566,-7511,287
-9034,-1408,287
9876,-5575,287
-5631,-2090,286
-2262,5954,286
-6547,-2478,286
7950,3920,286
-2721,8377,286
-1013,9551,286
-2588,1305,285
-2588,-4796,285
-494,-249,284
-2293,4595,284
5100,-1892,284
-5302,5275,284
-6388,737,284
-7033,-3833,284
-557,-7128,284
7682,7209,284
127,736,283
-5762,-5671,283
4443,7511,283
9455,6639,283
4087,-780,282
6614,6623,282
-6644,2474,282
6346,7115,282
1438,7309,282
8047,1597,282
-9359,50,282
6572,-2172,281
6343,-7800,281
4971,8662,281
8833,8957,281
4349,150,280
-6189,434,280
3759,9146,280
9288,2661,280
-2193,9545,280
28,821,279
-4485,8659,279
-4256,-9635,279
-1607,5569,278
-6450,4115,278
-6088,7017,278
-7071,-7229,278
-7366,-5566,278
-7690,4603,278
455,-7108,277
7521,-7306,277
-7038,-8283,277
-7038,-8284,277
9028,-8663,277
1207,9249,277
-9460,-4413,277
-9820,441,277
4870,2861,276
5091,-5672,276
-9003,-4601,276
747,-9150,276
-1702,433,275
-3763,526,275
5392,525,275
-5864,-4509,275
-6189,-5570,275
5559,6240,275
7033,3460,275
1567,-7313,275
-7889,6446,275
-6938,8284,275
9585,-9634,275
-1116,-1987,274
5821,3636,274
1175,6538,274
7030,4608,274
-2847,-7421,274
7686,-1878,274
4445,8379,274
9519,7305,274
-2620,918,273
1409,3145,273
-822,7510,273
6180,8575,273
5427,1728,272
-3246,-5470,272
-5429,6339,272
-2695,-6358,272
-6547,1304,272
-6644,-3534,272
-7202,-3537,272
1799,-9352,272
2846,1690,271
-2585,-4115,271
-5011,-148,271
-6356,5087,271
-2717,7512,271
-8577,5658,271
-8675,9065,271
-9162,-5775,271
8961,-9533,271
3401,6057,270
3401,6058,270
-4801,-6990,270
5428,7113,270
4679,-7899,270
-4004,8643,270
-6741,8967,270
4511,-9350,270
-3601,-2380,269
-3938,2679,269
8470,7990,269
-9033,1787,269
-8746,-9634,269
-1279,-1595,268
-3761,4397,268
-3015,5181,268
-6645,3243,268
-9110,2141,268
-4878,-9733,268
1043,-4317,267
-6221,6945,267
5231,-8285,267
8736,6159,267
4609,9353,267
7752,9446,267
3597,-1108,266
-2652,-5770,266
-6600,3627,266
3760,8292,266
-2752,-819,265
5299,-7229,265
457,8474,265
9288,-2371,265
257,-1114,264
2842,2863,264
1796,-3538,264
422,-4123,264
1599,5564,264
-3271,-5570,264
4741,7313,264
-7757,-1989,264
-6511,-8097,264
-9360,-144,264
-1509,-9640,264
682,-434,263
-2192,-52,263
328,-2276,263
3466,7025,263
-7464,6532,263
-1930,8761,263
-8873,-3246,263
-2881,-9271,263
1045,-9574,263
-9720,-3344,263
3494,-3827,262
3829,-334,262
4512,-4903,262
2844,5366,262
-2950,-7706,262
-8768,1305,262
9580,-7026,262
7392,-9834,262
5981,-1706,261
3365,-6443,261
8306,737,261
976,9250,261
9715,1980,261
5362,-2861,260
-5859,4984,260
784,6722,260
1272,-6726,260
7030,-1001,260
-6611,-8478,260
-7101,-9452,260
3594,2954,259
-4356,-149,259
5348,-3306,259
5427,2578,259
5231,6116,259
162,6921,259
-7334,1394,259
-1504,7713,259
-1247,-727,258
3593,3729,258
-2161,-4021,258
4414,-2958,258
-2066,-6443,258
-7853,6925,258
4154,9931,258
1210,3850,257
6082,-3727,257
6441,-3345,257
127,9346,257
3725,9735,257
-168,913,256
879,-2093,256
3923,-4015,256
5657,-148,256
-6123,5670,256
-5889,8378,256
-4487,-8483,256
8768,-7178,256
9584,-1209,256
3712,435,255
-5108,148,255
7399,3429,255
-664,-7410,255
9458,-2175,255
9646,-9640,255
-9656,2377,255
2613,-9735,255
3171,2579,254
5428,-4198,254
2091,5861,254
1729,6540,254
-7233,4499,254
-7854,4012,254
4578,9643,254
-300,4600,253
5427,614,253
-2230,6340,253
66,6439,253
-3762,6643,253
4023,-7519,253
7781,-6642,253
4084,-8381,253
796,-9410,253
-753,3236,252
-3274,-6941,252
-7627,1303,252
-8214,1116,252
-8703,-4315,252
9563,1264,252
197,9733,252
-884,-1592,251
-5658,-6058,251
-6612,4899,251
6673,-4804,251
-6286,-6924,251
7294,3253,251
4376,7310,251
-7854,-5673,251
747,-1710,250
-2422,-5670,250
2831,5673,250
-5399,-6056,250
-6611,1310,250
6674,4788,250
-6217,-7511,250
-3438,8087,250
5950,-4699,249
5914,-6542,249
-5762,6742,249
7423,6531,249
-7854,5279,249
5326,8966,249
-9853,6046,249
-1708,-1407,248
2441,-1446,248
-1181,3050,248
-5761,3729,248
-4159,7310,248
-7626,-1505,248
-7981,4762,248
8263,8474,248
9390,-6726,248
4938,-9923,248
-2035,50,247
1600,-4115,247
-5516,2074,247
-6286,6827,247
-8311,-8780,247
-2,-9147,247
7061,-9634,247
-2328,-2181,246
-427,-3150,246
393,-5469,246
-5761,8280,246
-4356,-8480,246
-8509,-9054,246
-9684,3145,246
8524,-9734,246
4184,-4214,245
-461,-5570,245
4902,6742,245
1210,8381,245
3334,-9150,245
2192,-9246,245
3269,9444,245
-4682,-4115,244
-395,-5083,244
-2523,-5672,244
-888,-6544,244
-2062,-8376,244
8634,8874,244
-9297,433,244
-2195,2476,243
291,-3642,243
-2653,-3830,243
5327,-1988,243
-6187,-4023,243
-6840,3732,243
-8347,-7612,243
8764,1020,243
-4125,-9640,243
9753,-2032,243
1928,900,242
685,3342,242
3402,6541,242
6993,-4599,242
2255,-7319,242
-7919,6926,242
7241,-8439,242
3531,-1302,241
4100,-4560,241
-6795,-1406,241
5886,-6925,241
-7556,2074,241
-7854,8763,241
-6477,1991,240
8440,8561,240
-2422,-8970,240
-233,3728,239
-8312,8082,239
-4386,-8579,239
7915,8963,239
2418,-4989,238
5719,1991,238
-2421,6638,238
7557,-7999,238
3693,-8279,238
-3732,-1506,237
-3175,-5185,237
-5793,6157,237
4905,-6254,237
555,-7521,237
-7988,1890,237
-9323,7511,237
2093,-9826,237
-1968,-4318,236
6803,-3050,236
-7398,7024,236
8438,-4025,236
-5291,8462,236
-8119,-8577,236
1633,-9543,236
9811,-918,236
-7140,-6156,235
7424,1494,235
-775,-7511,235
8829,-1465,235
-4032,-1690,234
4610,2757,234
-3177,4895,234
-5514,-1264,234
5688,2275,234
-6741,719,234
-788,7024,234
7621,6058,234
9846,-3723,234
-9884,-5590,234
-3111,-2664,233
-3113,2377,233
-3144,1600,233
3530,-4223,233
4282,3641,233
-2849,-5377,233
-6384,4609,233
915,6723,233
-6972,-255,233
4905,9047,233
-3206,-1017,232
-886,3332,232
453,-3826,232
-4483,4793,232
-5858,-3246,232
6604,-5860,232
-2394,-7121,232
4281,-7510,232
-7822,-5668,232
6540,9350,232
9351,-1202,232
-2361,-2957,231
1830,4112,231
5134,5954,231
2384,-6542,231
5163,6927,231
3767,-6966,231
-7759,-5574,231
-7984,-237,231
-7855,-8386,231
8895,-9733,231
-9851,7595,231
-3884,3528,230
6747,-8646,230
-9358,4500,230
-7463,-9639,230
521,-2280,229
3444,-1593,229
4086,-2862,229
7163,-1888,229
1374,7207,229
-7986,-3343,229
-8379,-148,229
6576,-8680,229
6672,9453,229
-9589,8770,229
-2099,-3246,228
-5239,-5955,228
-6315,3729,228
946,6723,228
-7460,-6056,228
8373,-2172,228
8555,-1871,228
-8902,-5388,228
-2129,924,227
-4943,-1793,227
5428,5179,227
291,6834,227
-7233,6338,227
7686,2662,227
-9520,-9733,227
-5369,-9733,227
-9232,-9738,227
5197,818,226
685,-7510,226
7651,-49,226
-424,7653,226
-4389,-7693,226
-7854,-4599,226
-7855,7411,226
2095,8379,226
6733,9735,226
7313,-2982,225
-4025,8564,225
2909,-633,224
5201,-4695,224
-3664,-7120,224
7268,-3246,224
-8737,-1304,224
-9655,-2570,224
-9754,-9449,224
-4424,-9774,224
-1051,4413,223
-3961,-6637,223
-5561,8377,223
-9065,-4404,223
-5501,9147,223
9486,-1606,223
-163,-9733,223
163,-2862,222
-723,-3536,222
4087,434,222
4091,820,222
3282,-5207,222
-6089,4118,222
-6973,6643,222
1929,-7028,222
2093,7122,222
5558,-7324,222
-5860,-7797,222
2450,-8480,222
8768,-3446,222
9059,-7188,222
9483,-7028,222
-4486,-2958,221
-5140,-4593,221
-5856,-5669,221
-2098,-6827,221
2242,-7410,221
7820,-6727,221
-7854,7411,221
8897,6722,221
5396,-9733,221
9910,-3630,221
-1119,2848,220
192,-3243,220
-2850,4019,220
-2756,4214,220
-5040,-4222,220
487,-7226,220
9616,-3346,220
129,-48,219
-3231,899,219
-5098,-4346,219
-5436,-3447,219
6410,-1302,219
-5176,-6641,219
-8512,-3630,219
911,-9351,219
-4668,2496,218
-6614,5851,218
-6909,-618,218
6808,-6926,218
-7035,4397,218
5104,-7510,218
2091,8958,218
1731,-4318,217
4611,-1508,217
6312,3543,217
8143,818,217
8307,2497,217
-8771,2273,217
-5598,8967,217
-9457,-439,217
-727,529,216
-2880,-1021,216
-657,-4222,216
-3796,6156,216
3503,-6441,216
-7919,2073,216
8012,636,216
9214,6602,216
3790,-733,215
4087,2739,215
3789,-4797,215
-5235,4118,215
-5818,4964,215
5789,7015,215
-8215,-7227,215
-6907,8566,215
5396,8571,215
6772,-8684,215
8745,8178,215
3564,-9157,215
-512,5086,214
-7397,7017,214
-5759,-7995,214
8929,737,214
-863,-3670,213
4087,-1510,213
4084,-6340,213
7161,5672,213
-7823,1309,213
6511,8180,213
8765,8668,213
9125,49,213
-952,-1410,212
-489,2475,212
-3862,-718,212
127,-6836,212
7883,7019,212
-7984,-1404,212
4711,-8184,212
94,-8485,212
-2880,-9541,212
3194,-4429,211
-8479,-1115,211
9649,-5288,211
1145,-4317,210
-5337,4699,210
-1082,-5381,210
6181,1584,210
-950,-7799,210
-8085,-817,210
8436,-3543,210
-9129,-7601,210
6802,-1607,209
-7068,920,209
-7365,-2092,209
5427,-7409,209
4052,-7995,209
-6937,-8684,209
-918,-1211,208
-2100,-917,208
2947,-4358,208
3435,-5187,208
7292,-2277,208
-9162,-5589,208
1735,4497,207
5202,-5570,207
69,-5855,207
6868,-5187,207
783,6924,207
-5141,-8184,207
1499,-8237,207
8894,-2277,207
2546,-3627,206
4806,-2480,206
-6253,-630,206
-1602,7977,206
-8149,4020,206
4339,8966,206
6869,-9170,206
-9489,-6844,206
8767,9827,206
-9919,-4513,206
-1475,-9923,206
-1509,-3247,205
-4124,149,205
-5629,-3149,205
5069,-5862,205
-3145,-5864,205
1210,-6925,205
-3345,-6926,205
4516,-8191,205
520,-8469,205
8341,8761,205
-788,8857,205
5169,-9634,205
-2849,-3533,204
-5762,-7696,204
-3181,-8867,204
-9608,8878,204
454,-9840,204
164,1019,203
1108,1489,203
-3734,-2093,203
3711,4115,203
719,-5467,203
6866,-1506,203
7000,-6156,203
-6089,-8461,203
8895,-8477,203
9649,-9638,203
-1378,-439,202
682,-2759,202
3338,4500,202
5952,-921,202
-8083,6638,202
-4748,8577,202
9354,-9148,202
-721,-9640,202
-9918,5572,202
2295,-1386,201
-4552,-3246,201
-5138,-5470,201
7131,3549,201
6836,-8191,201
4581,-8279,201
-3177,8577,201
-5119,8863,201
8993,-5967,201
-9099,9537,201
9680,-1208,201
-9752,-5671,201
-2012,-1101,200
-6873,-6163,200
-5761,6925,200
3729,7226,200
2518,7605,200
-133,7895,200
8311,818,200
5073,-8481,200
7948,8769,200
4706,9545,200
9679,6925,200
161,1798,199
-851,3725,199
-6611,-1207,199
9519,-7027,199
5201,-9553,199
813,147,198
707,-2228,198
1014,2760,198
-2717,3628,198
5136,5671,198
-5762,-5856,198
5864,5954,198
7815,4985,198
3822,8579,198
-2231,-9735,198
-2131,1016,197
-1604,-6255,197
-6481,-5085,197
8634,2276,197
8666,-3344,197
-1315,-8668,197
8307,-9161,197
9109,-9290,197
-9626,635,197
4480,3144,196
4545,5376,196
-4620,-6737,196
3402,7105,196
8139,-7211,196
-1671,8770,196
-6188,9066,196
-8475,-9254,196
6342,-9449,196
-9817,-7510,196
2419,-3426,195
2122,4785,195
5136,-5570,195
7936,-1101,195
8829,-6722,195
8994,-4987,195
128,-9069,195
-9101,5370,195
9647,-2172,195
458,-2862,194
6577,1972,194
-6614,5467,194
8961,-6244,194
3963,9024,194
9191,7998,194
9492,7957,194
-7229,-9551,194
9682,6154,194
1701,-3347,193
-3538,4693,193
-4849,5975,193
6277,-1891,193
-6611,737,193
6670,-1608,193
-2146,-6966,193
7394,-2468,193
-8245,1120,193
9006,-9049,193
-9096,2760,193
5426,245,192
-4914,6257,192
1271,-7218,192
7915,-3833,192
8177,-3735,192
-8276,-6441,192
-9265,3729,192
-9830,410,192
-4915,5286,191
-5433,-2850,191
3172,-5469,191
-5700,5757,191
1110,5953,191
4741,-6926,191
-7005,-1118,191
-7277,-8764,191
4906,9827,191
-4389,2314,190
717,-4902,190
-5502,-3528,190
-3370,-5672,190
-6155,-1792,190
4874,6358,190
4871,7115,190
-8577,-6830,190
-3309,8660,190
-4946,-3448,189
162,-4987,189
5361,2755,189
-6483,-2757,189
1963,-6930,189
-1573,-7031,189
-3800,-7510,189
-4486,8664,189
162,-9548,189
-493,-1501,188
291,-1607,188
-2721,3242,188
3789,-4017,188
-6513,2859,188
-6644,2272,188
-7234,-1897,188
-8218,1691,188
-8662,-1345,188
7292,8761,188
8795,-7894,188
-4810,9242,188
259,-9932,188
-4290,-4218,187
4869,-1301,187
4901,-2274,187
-7984,-7510,187
8701,-1894,187
-2650,8701,187
548,9248,187
-7823,-9249,187
9682,-7511,187
-232,-3539,186
-3995,-5267,186
-4090,-5801,186
-3117,-6722,186
7620,-3142,186
-8211,-2862,186
1664,-1793,185
-4355,-3635,185
-4929,818,185
4964,4239,185
-5991,5760,185
6519,-2173,185
-8216,1629,185
2320,-8277,185
8864,-1123,185
1632,8871,185
9029,-1989,185
2282,-9469,185
-9722,824,185
976,-1205,184
-3765,2560,184
-7594,5182,184
3894,-7684,184
-3340,8374,184
7917,8379,184
1929,-9144,184
-4090,-9641,184
-3095,2751,183
2744,-4021,183
4024,-4011,183
5197,1786,183
5428,5371,183
7847,3346,183
-7854,367,183
-4778,-9654,183
-1735,1506,182
-4911,4785,182
-3080,-5854,182
-7202,3531,182
-7923,-5288,182
-8803,4214,182
390,9066,182
-9330,-3448,182
2880,-9746,182
-9851,2565,182
-2850,-3821,181
-364,-3923,181
3105,4788,181
4936,2579,181
-4190,4983,181
-5925,-333,181
-332,6343,181
-3605,-7693,181
8239,1589,181
-757,9252,181
2257,-1596,180
-2593,5569,180
5954,6355,180
6539,717,180
-7234,-5381,180
-3244,-8387,180
9293,-2678,180
9351,9251,180
-2129,-9640,180
9811,6053,180
-1739,-537,179
-2259,2755,179
-4189,-3845,179
-5304,5077,179
-6220,-3048,179
-6806,-6924,179
3298,-7985,179
9059,-7696,179
6934,-9163,179
-2264,-1103,178
-2590,-1496,178
4970,-5673,178
-5761,2555,178
7161,4982,178
8144,-4901,178
8860,-4032,178
-9034,-9046,178
4970,9247,178
5363,1493,177
6834,-4903,177
6969,-4316,177
-8937,5474,177
750,-6437,176
-4224,-7125,176
-4351,7412,176
-7689,332,176
1992,8860,176
5526,-9161,176
1403,-9339,176
2310,-3512,175
64,4215,175
-5759,633,175
386,-6057,175
4627,7124,175
-7854,-4795,175
8470,-53,175
8500,-1596,175
8733,-6925,175
8537,-8970,175
9718,-6358,175
3105,-677,174
61,3730,174
5104,-719,174
-759,-5967,174
-947,-5971,174
-6023,-4218,174
1142,-6155,174
1337,-7121,174
-7728,-8190,174
8372,-4020,174
2503,-8724,174
-1115,-8845,174
8931,-8763,174
9746,-7410,174
-8447,-9841,174
-1411,-3156,173
4025,2476,173
4511,2005,173
-4748,-5271,173
6410,-2470,173
-2096,-6924,173
4806,7603,173
-8247,-5381,173
-9103,4115,173
9518,8371,173
3694,6047,172
-6286,-1306,172
-6353,4898,172
7388,-5470,172
-8313,4701,172
4809,8388,172
-8560,9587,172
-6810,9637,172
1512,2681,171
2791,1788,171
-3862,1793,171
-3426,-4676,171
1498,-6743,171
7132,4594,171
8143,7024,171
-8707,5949,171
-9362,8469,171
-434,4215,170
6805,8556,170
160,-8669,170
-9525,818,170
-2098,435,169
4055,-3911,169
-4421,721,169
5293,-1103,169
-5760,-6057,169
-6351,6153,169
3586,7003,169
-8223,-8197,169
9255,5670,169
-5862,4600,168
-5992,-3249,168
6410,-2857,168
4188,6722,168
4382,8562,168
-9491,-8963,168
5825,9635,168
9059,9636,168
947,2863,167
1208,3822,167
3922,-3058,167
4677,-3246,167
5035,-1101,167
-3508,6339,167
-1182,-7122,167
-6321,7410,167
7590,5570,167
-527,8474,167
4131,8562,167
9006,-1445,167
9519,7025,167
-9592,6925,167
9814,3245,167
8306,-9838,167
1204,-2862,166
-6024,-1404,166
6211,-437,166
-6416,-4120,166
-1512,6642,166
-6938,1784,166
7121,2577,166
3661,7123,166
-7557,-3246,166
8736,-2383,166
-5680,9046,166
9385,5568,166
-3242,332,165
4548,-4990,165
-822,-5769,165
-5897,633,165
-129,9473,165
8900,-9837,165
-3830,-4701,164
5722,-2376,164
4512,6152,164
354,7897,164
2255,-9148,164
750,9533,164
9846,-1407,164
-1804,-5085,163
-6481,4514,163
4966,-7995,163
-7565,-9291,163
9385,722,163
8637,-9451,163
9749,-1505,163
1697,-3451,162
-265,3730,162
853,5972,162
-6776,4114,162
5134,-7893,162
-1963,-8059,162
4252,-8191,162
-6189,8462,162
-9339,-8180,162
9420,-4895,162
-6049,-9426,162
5462,9537,162
-3928,-1593,161
2976,4407,161
-2001,5087,161
-5933,-5206,161
128,8373,161
7297,-8378,161
-6741,8379,161
7684,8471,161
8998,-8866,161
-9392,-4803,161
-6480,-9643,161
4542,-5671,160
-5764,4215,160
-7232,-4992,160
7348,-8436,160
-7692,9248,160
257,-9355,160
4250,-2281,159
5951,-2078,159
-754,6244,159
5883,7023,159
-5667,-7028,159
-1869,8377,159
-7857,8379,159
583,-9246,159
-6610,-9734,159
-4389,2075,158
6019,-3346,158
-7004,439,158
7029,-4320,158
7393,1981,158
7520,-5370,158
7652,-1312,158
9563,-1305,158
682,-5086,157
-2620,-5472,157
720,5475,157
1766,5659,157
-5142,7402,157
-8383,2179,157
-7564,8953,157
8435,-8965,157
3824,243,156
-4840,818,156
-6973,5670,156
-4943,8283,156
-399,-9353,156
-9390,-8376,156
-536,-9411,156
582,2472,155
4414,-4983,155
-2359,-5670,155
6613,1972,155
-70,-7411,155
-6221,-7696,155
-7855,1216,155
-6350,8114,155
-4844,8377,155
9280,-3992,155
-3604,636,154
-2162,-5088,154
-5176,1890,154
-5893,-3347,154
5981,1696,154
-4846,-7412,154
5366,9535,154
-9852,9544,154
-1671,9935,154
4282,-4800,153
3928,5179,153
-5057,-5723,153
1052,6276,153
-4321,6534,153
-6482,7121,153
-7273,-6076,153
5136,7709,153
-5305,7989,153
2517,-8379,153
8764,7029,153
-2786,-9149,153
-9166,-7692,153
9519,9058,153
-9526,-6623,153
4055,-9732,153
9748,-7894,153
-9817,-8097,153
1579,3729,152
-3768,-3447,152
-5338,820,152
62,5634,152
-6480,-4028,152
7170,6521,152
-7598,-1102,152
-7234,9164,152
-3275,9348,152
62,-9454,152
-8867,-9640,152
-2124,636,151
1988,-5085,151
4347,5659,151
-5698,2862,151
4412,6444,151
7036,6258,151
-7299,-7028,151
5201,-7304,151
-788,-7510,151
-8118,7511,151
-5206,-8187,151
-3273,-8867,151
-9066,1017,151
-9358,-8867,151
-9362,-9931,151
2092,2271,150
-3076,1794,150
-2637,-3207,150
-5336,4397,150
7291,-5855,150
-8053,6828,150
8699,-542,150
9227,-3366,150
-6478,-9248,150
9435,-1206,150
-9558,-1787,150
1008,-9634,150
-396,-1498,149
291,-5381,149
5923,-1792,149
-594,5952,149
6279,5954,149
-6316,-4600,149
5492,-6344,149
-6645,3055,149
-7334,-1123,149
-7854,3830,149
-460,-8485,149
-9162,5669,149
9682,532,149
-921,-9734,149
163,-1989,148
-2522,1300,148
-3178,737,148
-3672,-2276,148
-4779,-4502,148
-5564,5568,148
-5600,-1115,148
3239,6336,148
-6100,-6925,148
-7165,4317,148
-5107,7511,148
7719,4317,148
1701,8478,148
-9525,4788,148
-1018,1596,147
-3275,-925,147
-3276,-4319,147
-4,-4602,147
-3703,-5576,147
-2662,7653,147
8307,4299,147
-9331,-5269,147
9520,4801,147
4939,9532,147
9649,6538,147
1142,544,146
-1804,1000,146
-722,2679,146
-2681,-3635,146
5458,827,146
-2982,-5568,146
-6806,-4703,146
-4420,6925,146
-6972,737,146
-7164,1304,146
-7434,-4025,146
-3177,-9733,146
1145,-2095,145
-2881,-3063,145
-36,-4130,145
-4486,-4213,145
-4845,-5377,145
5590,3826,145
-6580,239,145
-6611,-6924,145
2583,7028,145
1402,-7612,145
-8481,7305,145
-797,-9574,145
1930,-4419,144
-558,5182,144
6344,-6542,144
3039,-7032,144
-7959,-1043,144
1431,-7996,144
8307,4792,144
-3113,8861,144
-8967,-8684,144
-9001,-7023,144
7981,9253,144
-5172,-9454,144
-9456,-1206,144
-9888,2173,144
-2296,2371,143
-2488,-51,143
2516,-454,143
-3013,-3432,143
4184,-3231,143
-5367,-535,143
5821,51,143
-5434,6536,143
-3701,6633,143
7294,-4701,143
7327,-1692,143
8372,-7029,143
-8379,-1121,143
2516,-1123,142
5132,-3249,142
5308,3081,142
-6477,-2475,142
5233,6527,142
7520,7513,142
8079,-2369,142
4744,-9157,142
-1637,-9534,142
1764,343,141
1795,-2338,141
3790,-2856,141
-691,4887,141
-5584,2681,141
2091,6150,141
-6544,-1404,141
6965,-5960,141
7556,-57,141
1600,-9063,141
9293,-7510,141
-9689,1307,141
-9883,5470,141
-2159,2274,140
3203,-3052,140
-3278,-1892,140
-2195,3345,140
-3960,2555,140
-4946,-4114,140
6010,2457,140
-558,-7691,140
4774,7896,140
4577,-9347,140
-9626,433,140
9779,2476,140
-1639,-3347,139
-721,3532,139
4638,4410,139
-3866,5089,139
-4092,6058,139
-6579,2086,139
-8315,8763,139
-8968,-5189,139
7917,-9640,139
-9883,7124,139
-2388,-1020,138
815,-3157,138
3431,-535,138
4252,-2095,138
-5762,49,138
-3283,6560,138
-7986,1700,138
-8445,-7029,138
-996,8985,138
9224,-2754,138
1336,533,137
-3177,737,137
3627,2277,137
4020,-5143,137
5560,3728,137
-6251,3040,137
6671,7991,137
-5762,8179,137
8437,-3252,137
8504,-641,137
-9363,-3342,137
9384,-4599,137
29,9642,137
-2787,-4602,136
-5436,-4109,136
981,5469,136
2090,-5673,136
6835,-7120,136
2255,-7128,136
2090,7512,136
489,7602,136
7657,-1711,136
-8476,-4997,136
8599,3145,136
-1507,-1312,135
3007,4687,135
2783,4701,135
-7394,2460,135
-8313,-6926,135
-70,8663,135
8732,-1306,135
9616,-4129,135
2322,2756,134
3171,2564,134
3208,-1680,134
1469,-3348,134
-3733,4215,134
3714,-5754,134
-6189,-1791,134
3205,6338,134
-884,6338,134
6704,633,134
-853,6936,134
-3544,-7592,134
7718,7011,134
-8051,-5190,134
8701,3425,134
-8707,1782,134
-4454,-9348,134
1826,-9734,134
2257,-1607,133
-3013,1390,133
-4091,2373,133
-4069,-5005,133
-5205,-1117,133
5493,-5086,133
-6611,-4995,133
-7627,-5201,133
-5628,7794,133
8440,-5775,133
-8472,-3252,133
8699,5856,133
8798,-3728,133
2418,-8964,133
-7037,-9543,133
97,9545,133
-6352,2273,132
7456,-2178,132
-7594,-4888,132
5924,-7612,132
-5436,8379,132
4313,8770,132
8471,-9547,132
459,-9733,132
2459,-2314,131
2714,-3447,131
4317,-3449,131
-5471,-51,131
-6348,4314,131
6868,4981,131
2285,6925,131
7291,-3630,131
6344,-8668,131
-8672,8861,131
717,9250,131
2928,-9637,131
3957,-9738,131
-9821,1011,131
-1836,-1123,130
-2521,2473,130
-2540,-3083,130
-132,3729,130
-4421,2863,130
-5598,2473,130
-6872,-1693,130
-7657,-5854,130
-7826,1022,130
-3437,7998,130
8011,-1305,130
-9392,3141,130
9515,6925,130
-3828,9535,130
-9654,-9747,130
2026,2080,129
1207,3823,129
-1314,3828,129
-659,-3834,129
-4433,-7148,129
-5530,8180,129
-8445,-5289,129
8896,5093,129
-1015,9630,129
-2227,-2759,128
3499,-2180,128
3862,-2173,128
3304,-4413,128
4613,5852,128
-6840,6822,128
3433,7118,128
-7854,-5676,128
-8898,-6924,128
5427,9046,128
2972,9048,128
9519,-9455,128
2707,9652,128
-3550,-437,127
-4945,-3535,127
-3045,5470,127
-5890,-1897,127
455,6156,127
-854,-7420,127
-8901,-4998,127
-7494,-9353,127
7785,-9640,127
915,-537,126
-1083,2081,126
2150,-2214,126
-3407,819,126
3595,51,126
4183,4114,126
-333,-4791,126
4348,-5675,126
-7561,-7324,126
-7595,2659,126
1370,-8188,126
-1963,8562,126
1014,-8569,126
-7854,8779,126
-9625,5851,126
-9130,-9838,126
1665,818,125
-2718,823,125
1928,3434,125
-3208,4701,125
-5630,533,125
-6021,6057,125
-7984,4123,125
8177,-2571,125
8372,5082,125
9286,-7795,125
9320,-8684,125
-6614,-9548,125
-9691,-3046,125
-4911,4115,124
3007,5182,124
-4945,5468,124
-7103,-6927,124
7686,-2477,124
7800,-4902,124
2260,8379,124
-9164,6741,124
7363,9349,124
9550,-8222,124
-2717,2174,123
-2653,3833,123
-4300,-1525,123
4675,832,123
5199,634,123
3431,5272,123
2776,-5673,123
-1335,-5751,123
-6352,-1983,123
6576,4984,123
-2491,-7217,123
-7692,4982,123
-788,9060,123
9387,3051,123
554,-824,122
2419,3427,122
2189,4702,122
3334,-5086,122
-2032,6156,122
-6738,-5105,122
-8148,3257,122
-8705,9051,122
1517,9349,122
-9715,-4600,122
1179,-3931,121
915,-4505,121
4999,-4887,121
-5106,-5665,121
6082,-2091,121
880,-7128,121
-8382,-6440,121
-226,-9411,121
-6644,-9453,121
9814,-1115,121
1567,-3050,120
-427,-4120,120
7652,6925,120
-7920,7508,120
-7204,8282,120
-1117,8474,120
-3539,-8484,120
9060,-2963,120
-9199,7228,120
9485,-729,120
-6120,-9734,120
-4387,-9932,120
160,-3158,119
2485,-3735,119
-2717,4693,119
-2636,5266,119
-4979,-5876,119
-885,6543,119
-7671,435,119
-7854,-9451,119
8829,-9733,119
-7461,-9837,119
2287,-434,118
-1509,2377,118
164,-3273,118
3401,821,118
946,-5590,118
-3177,6827,118
5494,7794,118
8011,819,118
-8503,-1871,118
8834,-3246,118
-4424,9342,118
2649,9641,118
9646,-3165,118
-2588,-9924,118
-1248,2173,117
3239,-5570,117
1340,-7905,117
-8015,6538,117
-3106,8562,117
-4676,9265,117
-9756,-4113,117
1536,-1213,116
4908,2858,116
5265,-3449,116
5427,5284,116
-6317,-4598,116
8305,-2187,116
8306,4601,116
8471,-6599,116
1707,8643,116
-2717,-8663,116
5098,8954,116
1701,-1891,115
1994,1394,115
1401,-2085,115
682,-3346,115
-3538,-1405,115
-3991,536,115
392,6552,115
-6711,-6056,115
7622,-2570,115
-6043,-7694,115
7803,-1405,115
-5069,-8182,115
916,9162,115
1239,717,114
-4,-2379,114
-2588,2663,114
-1214,3527,114
970,3567,114
5886,-3249,114
3726,6157,114
-6418,-1797,114
-4619,-6738,114
-7432,-5471,114
3762,8379,114
-8511,-538,114
9453,-5472,114
-48,-1349,113
-1965,1406,113
-2064,4209,113
-5597,-3631,113
-6250,-4891,113
3758,6340,113
-5141,-6439,113
7197,4395,113
4970,7707,113
-7726,-1989,113
-7861,-1407,113
878,8377,113
-9363,-1792,113
9749,8379,113
1501,3054,112
1959,-3447,112
5427,-629,112
3234,-5668,112
523,-6440,112
-3733,-6442,112
-2264,-6640,112
981,7225,112
-6903,-7899,112
-2782,-8762,112
9845,6828,112
1649,1890,111
-247,2866,111
-3339,2469,111
-3015,-3831,111
2257,-5277,111
1216,-5689,111
-6221,-2375,111
1273,-6925,111
-3862,-7028,111
-886,-8288,111
8503,9250,111
8343,9350,111
9449,-148,111
2091,-332,110
-1669,2373,110
-757,-6924,110
8440,-4801,110
8015,-8859,110
8867,-1321,110
9109,212,110
-3242,9154,110
-4878,-9155,110
4511,9235,110
6011,-9534,110
390,-1101,109
-1969,-1405,109
3041,-1883,109
-68,-3047,109
3401,432,109
3400,7114,109
7324,8379,109
8700,-7032,109
4184,8864,109
-3668,9638,109
-1147,431,108
5396,-5087,108
-5437,1019,108
756,-5709,108
-787,-5863,108
-2659,6339,108
-7181,3228,108
7285,-7310,108
1823,8175,108
5068,8761,108
-4933,8926,108
9516,-2759,108
-8671,9548,108
-5791,1303,107
5525,6920,107
-6937,-4702,107
-7854,-1117,107
5627,-8866,107
8957,-7554,107
-4813,-9542,107
521,-9636,107
-202,-49,106
-3116,-822,106
4675,1879,106
4745,3145,106
-6316,1695,106
7257,-146,106
-8477,1702,106
-983,9248,106
-9362,2845,106
-2459,818,105
-2915,-4599,105
5578,-2276,105
3910,-5670,105
-6676,-6358,105
1565,6722,105
-6611,7690,105
-7988,-4601,105
-6672,8095,105
8981,2983,105
9423,-6927,105
9063,-9735,105
-1052,-1206,104
127,-1598,104
-2362,-4712,104
-5610,4822,104
-7202,-4316,104
-5927,-7511,104
-7530,-4891,104
-6646,-8642,104
-3566,8664,104
-9131,4504,104
-9822,4498,104
747,-729,103
-854,-4316,103
-6481,1202,103
-6658,-7510,103
-7857,-6054,103
6636,8297,103
8699,-3144,103
1932,-8867,103
-9298,8861,103
-2588,9446,103
9451,-7028,103
-5596,9532,103
521,-1312,102
1599,3927,102
4838,-5124,102
3337,-6149,102
-6450,-2478,102
-6835,1000,102
-2982,-6844,102
-332,6930,102
7193,-7130,102
-7435,4985,102
3025,8684,102
-8703,2477,102
-9263,5181,102
-9362,-3446,102
9453,-9734,102
2223,9933,102
3109,1988,101
-2556,-4224,101
3070,-4602,101
-5073,-3150,101
-7200,-5381,101
-7232,4699,101
7936,335,101
-8510,-3929,101
-9162,-8869,101
9780,-540,101
-9784,6538,101
-68,-1207,100
4579,1990,100
325,4897,100
3631,-4990,100
6082,-1710,100
-6152,-439,100
-6580,-917,100
6613,-3041,100
-1473,6924,100
-2259,7510,100
-4846,-7510,100
8142,4323,100
-4844,9158,100
-1903,9926,100
-3787,-1991,99
421,-5378,99
-5598,5472,99
6277,5952,99
-760,6641,99
-6729,5226,99
4281,6926,99
-5141,8171,99
-2982,-8580,99
-8706,-1598,99
9618,339,99
4383,2859,98
-2097,5364,98
3496,-6340,98
1436,-7122,98
4313,7307,98
4609,-7510,98
8274,-336,98
9387,-1317,98
9488,5955,98
162,1782,97
-3437,-3054,97
-5923,3827,97
-6149,-4701,97
4804,7549,97
-7693,427,97
-822,8377,97
8503,-4503,97
9126,8474,97
4755,-9353,97
3976,-9574,97
1796,1310,96
-2031,534,96
27,3341,96
-3800,913,96
4025,5186,96
128,6418,96
-6644,-7027,96
7161,7019,96
-2133,7307,96
-5403,-7512,96
-9427,-4990,96
-1279,-3346,95
261,4115,95
-2359,-4119,95
5137,4114,95
5723,3628,95
-5725,2579,95
-7560,821,95
-421,7583,95
7164,7804,95
-1670,8562,95
8537,8751,95
8899,-8482,95
-5041,9630,95
5395,919,94
1875,-6926,94
-7199,-3338,94
-7242,7347,94
-7711,-7309,94
7750,5469,94
4165,8178,94
8278,1304,94
8503,-5285,94
9355,6631,94
-7299,-9454,94
455,1993,93
-4389,-254,93
915,-4517,93
1143,4788,93
-5433,6624,93
-7923,-3246,93
-8118,-3246,93
62,-8867,93
9404,2074,93
-9850,9642,93
1403,1587,92
260,-4114,92
-5926,1600,92
1472,-5956,92
-3345,-6925,92
-559,-7028,92
-1375,-7310,92
-1670,-7895,92
3919,8379,92
-8675,-7510,92
8702,7309,92
5034,8862,92
-9525,8562,92
-2199,-9636,92
1009,1411,91
-1642,3631,91
4612,-1404,91
-4945,-536,91
-2000,-5767,91
2679,-6639,91
-1323,7128,91
-8052,7892,91
-2623,9349,91
716,-1022,90
-2693,1201,90
3109,1019,90
-820,4502,90
-4515,-3823,90
-5304,-635,90
1728,5766,90
-6151,-2183,90
6635,-5191,90
-4353,6642,90
-6903,5663,90
-2881,-6925,90
9323,5181,90
-9034,-9436,90
944,-9933,90
1265,919,89
165,-2678,89
4051,-2758,89
-793,4499,89
-4880,-729,89
-4911,3340,89
-4977,-1598,89
4314,5571,89
-5763,-3437,89
4610,-6442,89
-8115,4700,89
-8705,-819,89
455,9148,89
9059,9150,89
-4782,-3346,88
-4747,4890,88
3256,5164,88
1274,-6924,88
-1051,-6926,88
-2456,-7410,88
-7427,-2576,88
7586,442,88
5588,-7694,88
-2555,8091,88
291,8098,88
8373,6047,88
9351,6055,88
-3113,-538,87
-5566,-4512,87
8340,-6929,87
8437,-2478,87
7682,8580,87
-722,335,86
-2656,-2483,86
-3077,2759,86
-2881,5180,86
-4288,6442,86
6876,5333,86
7357,-1115,86
-7431,-3450,86
-6346,-8582,86
8666,1788,86
9520,2863,86
6311,-9738,86
-2882,4115,85
3540,5651,85
6377,-5382,85
-7690,7216,85
-2588,-8086,85
-8087,1890,85
8111,1792,85
8112,2470,85
8826,233,85
9192,4498,85
-3744,-9815,85
-300,2082,84
-235,-2475,84
-987,3143,84
3363,4600,84
-5762,-5485,84
6082,2679,84
1599,7711,84
8471,-3152,84
5263,8668,84
-8838,-2955,84
-9001,-540,84
-13,9088,84
-757,9251,84
-1182,-146,83
-1901,-5478,83
5723,1500,83
128,6338,83
3627,-7614,83
1211,9533,83
-1642,1980,82
-688,-2759,82
-2359,-3345,82
-3637,1054,82
-3309,3723,82
-4716,4497,82
-5598,5083,82
2186,5671,82
-526,5865,82
-6088,-2383,82
2417,7123,82
4641,-7510,82
-753,7694,82
2583,8667,82
-9821,-3156,82
-2982,-1971,81
-4547,1606,81
6932,3150,81
290,-7128,81
-3371,-7510,81
7658,-3630,81
9124,3142,81
-8937,9331,81
2030,-9738,81
-9852,8804,81
-4325,-5856,80
4383,6822,80
-7137,7987,80
4088,8479,80
616,9064,80
9324,-2093,80
2747,-1710,79
1567,-3246,79
-6123,6724,79
-301,7309,79
7687,-1889,79
8537,-3436,79
-1146,-9048,79
-1281,1994,78
-854,2216,78
5365,-646,78
5427,-2866,78
1041,5952,78
-1804,6153,78
548,-6866,78
7522,-1509,78
-3961,8864,78
2286,-8867,78
-786,-727,77
4154,-3735,77
-1282,-4315,77
-658,5670,77
-6743,-6348,77
-2426,-8663,77
7652,9065,77
2841,-9535,77
7584,9642,77
-2133,915,76
-1802,2175,76
1467,-2474,76
-5403,1689,76
7427,-5450,76
-3960,-7795,76
2027,-9149,76
-5761,-9352,76
9455,-9450,76
-234,-623,75
3956,-727,75
4184,-440,75
5497,5466,75
2189,-5767,75
-6022,-5085,75
-3473,-6057,75
6736,5758,75
6741,4984,75
-7167,2819,75
7752,-8470,75
8534,4012,75
-9022,5569,75
7489,9151,75
-9848,7509,75
-8148,9920,75
1537,4984,74
6346,6448,74
-6253,-6926,74
-7363,-7027,74
682,-8185,74
-6123,8377,74
-2292,-8773,74
9649,8660,74
-4976,-9733,74
-9817,-3150,74
945,-1319,73
-2310,-1063,73
5885,-1599,73
8308,433,73
8506,2270,73
-495,8960,73
1239,-3154,72
-1442,-3630,72
4418,1690,72
2222,5179,72
-5858,5767,72
3172,-6740,72
3960,-8278,72
127,8764,72
8864,1991,72
-8903,-3157,72
-3995,9349,72
-3093,9370,72
-4289,9440,72
9519,6822,72
6313,9828,72
517,-3064,71
-3177,-1790,71
945,4701,71
6244,-4793,71
-2127,-6833,71
4249,-7027,71
-7121,8379,71
-3569,-8480,71
2724,8521,71
8540,1890,71
4183,9356,71
3628,2755,70
-1575,3631,70
-5145,4420,70
-4288,5180,70
-6611,6435,70
-6646,-6823,70
519,8576,70
-4088,8763,70
-8807,-7512,70
-7233,8947,70
8962,1600,70
9488,434,70
9581,-9554,70
620,-1122,69
1469,-1798,69
-3765,1405,69
-2881,-4128,69
3235,4792,69
-6839,-4997,69
-6969,1021,69
9718,149,69
4804,9934,69
-201,4120,68
-4422,3545,68
1052,-4480,68
5196,-5092,68
-887,-7128,68
7555,-1405,68
-8282,49,68
5721,8479,68
-8577,8462,68
-4290,-9349,68
-297,817,67
1374,737,67
-3988,433,67
4086,4214,67
2350,-5669,67
-2391,-5872,67
2386,6537,67
-7198,-2658,67
7816,4986,67
-7882,-8582,67
163,-9839,67
-3177,-1114,66
-4091,-5472,66
-4482,-5975,66
-6044,-848,66
-5044,6920,66
-4976,-7029,66
7491,-5970,66
-8194,3020,66
-8443,4499,66
-9000,-2574,66
-1018,-637,65
-1248,-1405,65
589,-2084,65
1565,2232,65
-1301,-3346,65
-372,-3346,65
623,-3529,65
1832,5475,65
-5596,-5855,65
3826,-6155,65
-5598,-6737,65
455,-7028,65
-6579,8365,65
-5797,9734,65
8568,-9837,65
3042,-2093,64
1012,-3911,64
4313,4314,64
-4387,-3630,64
-4946,2862,64
28,5379,64
5755,332,64
-5598,-6159,64
-1672,6438,64
5917,7511,64
4870,-8671,64
9059,-2478,64
6735,-9538,64
5591,-9740,64
-1379,3049,63
4183,-4599,63
-1380,5477,63
128,-6350,63
6835,-4207,63
-2160,6877,63
4382,6925,63
7292,-734,63
-7790,-5490,63
-7998,-6477,63
-6188,8185,63
6735,8188,63
9193,1401,63
-2721,-9640,63
-2458,-147,62
-1507,-3234,62
814,3727,62
5001,1788,62
1024,5164,62
5949,6255,62
7128,-5376,62
-7200,-7120,62
-5665,7318,62
4349,8273,62
-1475,-8471,62
-2686,8759,62
2909,9351,62
912,2476,61
2254,-4397,61
5394,-3443,61
7033,-4213,61
4679,7108,61
7326,6236,61
-4486,7599,61
4346,-9346,61
323,148,60
-2194,-2277,60
-693,-3047,60
-687,-4798,60
5427,-1125,60
-5108,-6442,60
-7007,3050,60
2711,-9070,60
9549,7220,60
-3114,1504,59
524,4984,59
813,-7024,59
-7300,-4703,59
-7396,-5571,59
-5206,8277,59
8734,-4897,59
5533,-8765,59
8811,-1123,59
-2717,1587,58
2515,-2862,58
-1380,6352,58
-7462,833,58
7847,4983,58
-2590,8481,58
-9821,-7510,58
3171,-4109,57
3364,4984,57
-5433,-1792,57
750,-5946,57
128,6923,57
-7237,-4319,57
8011,-7413,57
8634,-6340,57
-7397,-8683,57
1508,8866,57
8900,2171,57
2809,-9348,57
-9918,5666,57
3696,3050,56
3501,3731,56
-166,-4318,56
-5017,1349,56
4313,-6242,56
-1833,6637,56
-266,-6937,56
-2351,-7433,56
-7595,920,56
9778,-7326,56
7654,2859,55
5983,7997,55
8765,-342,55
9485,-4797,55
-6481,9815,55
1075,2949,54
4282,3729,54
6148,-1594,54
-7332,1598,54
4090,8179,54
9319,-5386,54
9681,1302,54
9877,-4888,54
1932,2074,53
-2426,-820,53
2978,1019,53
-4713,-1694,53
5788,5376,53
-4389,-6160,53
-5570,6278,53
-5206,-7999,53
-69,8570,53
6802,-9353,53
455,2555,52
915,-2678,52
-2552,-2862,52
-3503,434,52
6896,-5751,52
-6645,-8664,52
8667,-8285,52
3139,9740,52
-5697,2857,51
-3538,6150,51
5557,6245,51
685,6439,51
-6677,4700,51
-3603,-7887,51
-4842,7996,51
3791,8179,51
-5761,8480,51
-8706,9148,51
978,-9250,51
750,-9640,51
6342,9921,51
-1837,-9931,51
-1755,-1871,50
-2980,2468,50
4482,46,50
-1636,-6148,50
-6477,817,50
7229,2070,50
-5555,-7410,50
3758,8946,50
-9777,6603,50
1502,-2571,49
4411,5183,49
5427,1018,49
-5436,-2095,49
-2817,-6259,49
-7366,3426,49
6021,-7411,49
6250,7875,49
681,-9049,49
-9162,5186,49
-9751,6822,49
-3077,-2280,48
-2853,-4990,48
-4681,5569,48
-1671,6058,48
-918,6541,48
-8649,-1143,48
9090,1303,48
9814,-9734,48
-1509,-4991,47
6802,4785,47
7359,3145,47
8112,-3812,47
-8608,-7029,47
-9666,7106,47
325,-533,46
-265,-3630,46
-5993,1890,46
-5042,6157,46
-7103,342,46
9388,-3347,46
1506,-151,45
915,-3345,45
-3372,2561,45
-2441,-3933,45
1734,6443,45
6741,6770,45
-7919,5954,45
127,-834,44
3989,345,44
-3241,4305,44
-5390,-1895,44
-6285,2558,44
-6286,-437,44
-7294,3729,44
-7923,-6057,44
-1473,2375,43
-2541,1162,43
-3178,-437,43
9418,-1403,43
-787,-1406,42
2065,-2354,42
-2588,1204,42
-3043,141,42
897,4841,42
6477,-5289,42
-5893,-6723,42
-5141,8852,42
-7697,-9633,42
1632,-1519,41
-3176,-3048,41
-3862,-3064,41
1663,5086,41
-5993,-437,41
-1439,-6157,41
7379,-8685,41
-1018,8770,41
7129,-9732,41
1831,2740,40
2813,-3345,40
4613,-5590,40
-5141,-5658,40
5201,6156,40
4512,-6436,40
1632,-6438,40
-7516,6459,40
-8867,7804,40
2450,9152,40
-6611,-9255,40
-1279,9443,40
-3509,-1103,39
-1508,-4123,39
-5418,232,39
4413,-6448,39
6474,4113,39
4972,-7317,39
-6712,-8289,39
-8603,1698,39
9422,-8281,39
9485,-5379,39
9618,-354,39
3595,-1884,38
-5207,5082,38
-2425,5373,38
-7565,4215,38
8697,1202,38
-9686,6143,38
1796,9926,38
6193,-4597,37
2549,-6354,37
9532,-5670,37
127,-2379,36
4183,3446,36
-3503,-6251,36
6509,4113,36
-7364,-733,36
3758,-7512,36
-7661,4317,36
-5893,8562,36
-8346,8769,36
2645,-1406,35
8406,6538,35
-8511,6642,35
9059,2475,35
1893,816,34
-3374,2076,34
4906,-3249,34
-1903,6742,34
-1558,6863,34
-5339,-7219,34
3497,7407,34
-8189,-6278,34
4709,-9031,34
9062,5571,34
-9690,-7120,34
2352,9931,34
127,2565,33
-4583,-341,33
-5038,436,33
-5302,-5574,33
880,6730,33
-1670,-2658,32
-2689,-2211,32
2417,-2958,32
2091,-5371,32
1601,-5672,32
6507,-150,32
8047,5957,32
8634,-6156,32
-7854,6822,31
6567,9046,31
-1085,9070,31
-1248,-9828,31
814,1304,30
2580,49,30
-2591,-2183,30
-7854,6823,30
-7854,1990,30
9357,8376,30
9523,1788,30
-9547,596,30
-4032,1690,29
4088,-3053,29
5685,1586,29
5952,-4989,29
-4464,-8747,29
1701,533,28
-3926,-1587,28
1863,-3933,28
5294,-5187,28
-2982,821,27
3171,-2618,27
4313,828,27
6790,-1229,27
7229,-5955,27
7262,-4989,27
-7363,6925,27
-3177,8966,27
5131,-9149,27
2190,2476,26
-3993,-3246,26
8347,6642,26
2972,8379,26
-2870,-8685,26
-9423,5083,26
-1115,-431,25
-3991,2376,25
-8379,-7998,25
7783,9637,25
-4487,3146,24
-5073,-917,24
6087,4536,24
-1048,8379,24
-9723,-9434,24
1521,-9837,24
-7854,-9838,24
3103,-1507,23
-5697,2435,23
-1677,-6643,23
-3043,-7126,23
-1834,1695,22
1997,3049,22
-3631,-5469,22
1569,-9740,22
1012,2662,21
1145,4032,21
-4384,-346,21
-5337,-1406,21
-1834,-7893,21
-7826,8562,21
-2978,-1890,20
784,-5469,20
5984,3626,20
-4417,-6542,20
-2717,8379,20
617,3636,19
4184,-338,19
6084,6341,19
8733,8855,19
9059,-1790,19
-7068,-9634,19
-397,9828,19
-7658,-5185,18
-9843,901,18
-2652,6639,17
-7071,3633,17
5494,8192,16
750,-1587,15
3269,4404,15
-2000,-5659,15
7096,-1505,15
-5760,7209,15
1698,813,14
5197,6524,14
6541,2950,14
7460,3050,14
9516,6338,14
4482,-4610,13
-332,-6439,13
7161,7513,13
1038,333,12
-301,5955,12
293,-7709,12
-8577,-925,12
9123,7511,12
-5304,-536,11
5523,-3048,11
-6741,7994,11
-1539,-1218,10
-6611,332,10
7496,3243,10
3202,9734,9
4024,-4888,8
4812,7410,8
2679,9824,8
-7295,-9147,7
-100,-917,6
-233,5382,6
-2880,1022,5
-6250,-6057,5
-5568,-9540,5
-4911,1505,4
-2492,5375,4
-1670,-6340,4
-4778,-7120,4
9682,2847,4
3925,4115,3
-8348,8669,3
5327,-8684,3
-920,8183,2
