# 4x4 Slime Chunk Seeds for position (325, -533)
# Format: seed
15726108879
8571300962511
16267882356943
17126875816143
24823457210575
25682450669775
33379032064207
34238025523407
41934606917839
42793600377039
50490181771471
51349175230671
59045756625103
59904750084303
67601331478735
68460324937935
76156906332367
77015899791567
84712481185999
85571474645199
93268056039631
94127049498831
101823630893263
102682624352463
110379205746895
111238199206095
118934780600527
119793774059727
127490355454159
136045930307791
144601505161423
153157080015055
161712654868687
170268229722319
178823804575951
187379379429583
195934954283215
204490529136847
213046103990479
221601678844111
230157253697743
238712828551375
247268403405007
255823978258639
264379553112271
272935127965903
